0.	1.
0.001	0.9999730268626127
0.002	0.9999123636835456
0.003	0.9998169594741496
0.004	0.9996944000458974
0.005	0.9995447064934629
0.006	0.9993603381367414
0.007	0.9991351752906521
0.008	0.9988784364760361
0.009000000000000001	0.9985954203409784
0.01	0.9982838302918725
0.011	0.9979343910665265
0.012	0.9975463275004316
0.013000000000000001	0.9971292240048253
0.014	0.9966860611105695
0.015	0.9962122385538599
0.016	0.9956982821218107
0.017	0.9951490231482127
0.018000000000000002	0.9945726016760551
0.019	0.9939696819136462
0.02	0.9933333867886471
0.021	0.9926565669008501
0.022	0.9919478955815351
0.023	0.9912132777153718
0.024	0.9904510739231508
0.025	0.9896524703696633
0.026000000000000002	0.9888152253399133
0.027	0.987948997172477
0.028	0.9870573790033844
0.029	0.9861364514338826
0.03	0.9851767282105337
0.031	0.9841816460960766
0.032	0.9831597852541099
0.033	0.9821124385229992
0.034	0.9810334407169014
0.035	0.9799148740624961
0.036000000000000004	0.978764608389202
0.037	0.9775891055122213
0.038	0.9763873802234602
0.039	0.9751512122790471
0.04	0.9738769971713208
0.041	0.9725742613514252
0.042	0.9712471728635027
0.043000000000000003	0.9698925013157125
0.044	0.9685009646754089
0.045	0.967074537606214
0.046	0.9656221009322254
0.047	0.9641455498513125
0.048	0.9626394520142949
0.049	0.9610954131623507
0.05	0.9595202592126677
0.051000000000000004	0.9579209444067793
0.052000000000000005	0.956297122590465
0.053	0.954641266868588
0.054	0.9529485731655712
0.055	0.9512282202536098
0.056	0.9494849025351608
0.057	0.9477160742925088
0.058	0.9459128450958835
0.059000000000000004	0.9440757270742832
0.06	0.9422137418023262
0.061	0.9403293494194604
0.062	0.9384178564036438
0.063	0.9364706687131426
0.064	0.9344933888950425
0.065	0.9324933739501503
0.066	0.9304708901060893
0.067	0.9284191697859866
0.068	0.9263324242623294
0.069	0.9242192668359952
0.07	0.9220848598909115
0.07100000000000001	0.9199273259802976
0.07200000000000001	0.9177383206006386
0.073	0.9155169572577166
0.074	0.9132722238986665
0.075	0.911007097943813
0.076	0.9087176180004322
0.077	0.9063952386953318
0.078	0.9040442293171701
0.079	0.9016722365532635
0.08	0.8992801015757874
0.081	0.8968618484786762
0.082	0.8944109602973741
0.083	0.8919352735208614
0.084	0.8894403515723303
0.085	0.8869249574841919
0.08600000000000001	0.8843814114032514
0.08700000000000001	0.8818075508360214
0.088	0.8792121480857712
0.089	0.8765986410963094
0.09	0.873963781800633
0.091	0.8712992882056404
0.092	0.8686080554938875
0.093	0.865897888442662
0.094	0.8631701560040453
0.095	0.8604196744770051
0.096	0.8576394839783242
0.097	0.8548364483296533
0.098	0.8520164578003522
0.099	0.8491788776602903
0.1	0.846316774938381
0.101	0.8434268842785235
0.10200000000000001	0.8405175800690343
0.10300000000000001	0.8375926962806898
0.10400000000000001	0.8346496681120943
0.105	0.8316806541852579
0.106	0.8286872001841541
0.107	0.8256771246585352
0.108	0.8226522687061875
0.109	0.8196082188056889
0.11	0.8165378540233673
0.111	0.8134469123027342
0.112	0.8103415246740946
0.113	0.8072216111211814
0.114	0.8040810319869922
0.115	0.800915632371824
0.116	0.7977332138356407
0.117	0.7945379356748674
0.11800000000000001	0.7913278761266526
0.11900000000000001	0.7880957722247668
0.12	0.7848419038699527
0.121	0.7815739527972089
0.122	0.778294169590306
0.123	0.774998877108157
0.124	0.7716810375104103
0.125	0.7683451799984132
0.126	0.7649975734849602
0.127	0.7616386372272852
0.128	0.7582630376642677
0.129	0.7548659719195694
0.13	0.7514545086673448
0.131	0.7480330572949943
0.132	0.7446002899825793
0.133	0.7411496202947638
0.134	0.7376801964715037
0.135	0.7341994133724136
0.136	0.7307098629739004
0.137	0.7272085608452666
0.138	0.7236887536330457
0.139	0.7201537466615265
0.14	0.7166098320166208
0.14100000000000001	0.7130578663966529
0.14200000000000002	0.7094933048885558
0.14300000000000002	0.7059109535099914
0.14400000000000002	0.7023170098856304
0.145	0.6987160554920154
0.146	0.6951072999582001
0.147	0.6914848931844128
0.148	0.6878470257273744
0.149	0.6842006628568225
0.15	0.6805486661131476
0.151	0.6768886916650324
0.152	0.6732144281309287
0.153	0.6695280023414413
0.154	0.6658356091087287
0.155	0.6621384759912325
0.156	0.6584328040121039
0.157	0.6547132654125383
0.158	0.6509850782666453
0.159	0.6472529166783637
0.16	0.6435164654359701
0.161	0.6397706350490213
0.162	0.6360128603921477
0.163	0.6322495482943371
0.164	0.6284837560567331
0.165	0.6247137214702159
0.166	0.6209336893162885
0.167	0.6171447044940034
0.168	0.6133527446168491
0.169	0.6095593384929583
0.17	0.6057613765412851
0.171	0.6019536233316726
0.17200000000000001	0.598140262326547
0.17300000000000001	0.5943259749433631
0.17400000000000002	0.5905108547352174
0.17500000000000002	0.586690565536632
0.176	0.5828620040688144
0.177	0.5790309096325215
0.178	0.5752004612903212
0.179	0.5713694142894912
0.18	0.5675326426774993
0.181	0.5636902462551472
0.182	0.559847872148535
0.183	0.5560072795258695
0.184	0.5521659852755979
0.185	0.548319023793166
0.186	0.5444695513200424
0.187	0.5406221654523362
0.188	0.5367772997450898
0.189	0.5329313374074
0.19	0.5290808575329966
0.191	0.525230847561133
0.192	0.5213845358718618
0.193	0.5175411275503015
0.194	0.513696161486959
0.195	0.509848957619623
0.196	0.506004731600643
0.197	0.5021654025267449
0.198	0.49832904630878766
0.199	0.49449109740477687
0.2	0.4906537448646268
0.201	0.48682141119894057
0.202	0.4829948005700288
0.203	0.47917096046186636
0.20400000000000001	0.4753463639177104
0.20500000000000002	0.47152519076311045
0.20600000000000002	0.46771064948842705
0.20700000000000002	0.4639023256951295
0.20800000000000002	0.46009642581214305
0.209	0.45629167134506743
0.21	0.4524927627260035
0.211	0.44870171068745046
0.212	0.4449170799710201
0.213	0.4411347913101119
0.214	0.4373561678031381
0.215	0.4335853710042962
0.216	0.4298233073505544
0.217	0.42606761906687785
0.218	0.42231486235144544
0.219	0.4185683873406943
0.22	0.4148313173554424
0.221	0.4111035492090081
0.222	0.40738193210736773
0.223	0.4036647748218209
0.224	0.3999562000194615
0.225	0.3962582454983359
0.226	0.3925698936530895
0.227	0.38888759817159757
0.228	0.38521194658640795
0.229	0.3815467639790749
0.23	0.3778930934004365
0.231	0.3742490979059007
0.232	0.3706115619560907
0.233	0.36698303115679826
0.234	0.36336647952201684
0.23500000000000001	0.3597620474377565
0.23600000000000002	0.35616718056082625
0.23700000000000002	0.35257995382145413
0.23800000000000002	0.34900387356312096
0.23900000000000002	0.3454409452505716
0.24	0.34189049846631897
0.241	0.33834953242891613
0.242	0.33481804655739117
0.243	0.33129946845484753
0.244	0.32779491628483526
0.245	0.3243029998418587
0.246	0.3208208300058985
0.247	0.3173502154301641
0.248	0.31389392044997644
0.249	0.31045226458827196
0.25	0.30702322810826754
0.251	0.30360481449135224
0.252	0.3001999006432847
0.253	0.2968104067490617
0.254	0.293435941425302
0.255	0.29007403393862724
0.256	0.2867242486105857
0.257	0.2833895722181435
0.258	0.2800711420278026
0.259	0.2767679419735975
0.26	0.2734774661120937
0.261	0.27020088373528217
0.262	0.2669406972976406
0.263	0.2636973456195533
0.264	0.2604692721125868
0.265	0.25725454681429794
0.266	0.25405542956951066
0.267	0.2508737098732561
0.268	0.24770921099741486
0.269	0.24455995504602748
0.27	0.24142521942748602
0.271	0.2383075263906783
0.272	0.2352079829334204
0.273	0.23212587756387737
0.274	0.22905910918994082
0.275	0.2260083232495773
0.276	0.22297571983179543
0.277	0.21996180302908713
0.278	0.2169654047550422
0.279	0.2139847666818732
0.28	0.2110215708727872
0.281	0.2080774381890936
0.28200000000000003	0.20515234725090573
0.28300000000000003	0.2022447603661967
0.28400000000000003	0.1993538025483878
0.28500000000000003	0.19648152819412684
0.28600000000000003	0.19362897223709535
0.28700000000000003	0.1907956626112954
0.28800000000000003	0.1879798963960421
0.289	0.18518191737308687
0.29	0.18240359702785824
0.291	0.17964545753168043
0.292	0.1769066478236971
0.293	0.17418564546045354
0.294	0.171483622660426
0.295	0.16880200028788256
0.296	0.16614085918042173
0.297	0.16349903978765942
0.298	0.16087562866466532
0.299	0.15827222885027428
0.3	0.15568976970667942
0.301	0.15312795905890142
0.302	0.1505854639300686
0.303	0.14806224545799573
0.304	0.14555983593736938
0.305	0.1430787360564915
0.306	0.1406183454510144
0.307	0.1381774061996994
0.308	0.13575666710008316
0.309	0.13335732664851174
0.31	0.13097952183755984
0.311	0.12862240520115337
0.312	0.12628511344542143
0.313	0.12396883273963845
0.314	0.12167436212945199
0.315	0.11940153639800406
0.316	0.11714934931857646
0.317	0.1149175870678199
0.318	0.1127074480449938
0.319	0.11051938009298753
0.32	0.10835297344981994
0.321	0.10620723518391847
0.322	0.10408258453284311
0.323	0.10197998632522738
0.324	0.09989959537969413
0.325	0.09784081094547814
0.326	0.09580288068161365
0.327	0.09378662340503462
0.328	0.09179269208030423
0.329	0.08982100288270363
0.33	0.08787082426559055
0.331	0.08594185766343329
0.332	0.08403498782621828
0.333	0.08215058691889884
0.334	0.08028838278837891
0.335	0.07844762707332645
0.336	0.07662850128924528
0.337	0.07483173736563516
0.338	0.07305747778296352
0.339	0.07130530808520974
0.34	0.06957461824331758
0.341	0.06786592174325688
0.342	0.06617971816808056
0.343	0.06451596741872957
0.34400000000000003	0.06287415705884773
0.34500000000000003	0.06125397257613789
0.34600000000000003	0.05965601823991234
0.34700000000000003	0.05808057632724988
0.34800000000000003	0.05652746703460814
0.34900000000000003	0.05499615210290765
0.35000000000000003	0.05348665757730181
0.35100000000000003	0.05199949523444304
0.352	0.05053477341255837
0.353	0.04909221108743999
0.354	0.047671344962866395
0.355	0.046272452434588204
0.356	0.044895880754305985
0.357	0.043541604078888754
0.358	0.04220927450762697
0.359	0.04089860721834714
0.36	0.039609969084575904
0.361	0.03834354676911846
0.362	0.03709921568994759
0.363	0.03587660532694324
0.364	0.034675653449306475
0.365	0.033496675274349665
0.366	0.03233973151827214
0.367	0.031204629887320662
0.368	0.030091038681843468
0.369	0.02899906691611517
0.37	0.027928919526226174
0.371	0.0268805637171343
0.372	0.02585376604386707
0.373	0.02484829428109096
0.374	0.023864327089380053
0.375	0.022901957915395257
0.376	0.0219610885645288
0.377	0.0210414712791888
0.378	0.020143004391458188
0.379	0.019265838928554758
0.38	0.018409982572523503
0.381	0.017575295475949555
0.382	0.01676154987043702
0.383	0.015968745542221753
0.384	0.01519696381088812
0.385	0.014446151825586818
0.386	0.013716147468749473
0.387	0.013006773685671475
0.388	0.01231807180721549
0.389	0.011650052014929736
0.39	0.011002621897475211
0.391	0.01037561315219207
0.392	0.009768914001467092
0.393	0.0091825495587363
0.394	0.008616476665533283
0.395	0.00807058007809832
0.396	0.007544701906379217
0.397	0.007038778451776746
0.398	0.006552793590755988
0.399	0.0060866690500048165
0.4	0.005640279291866388
0.401	0.0052134887296390485
0.402	0.00480624925616628
0.403	0.004418504512120155
0.404	0.004050155217751077
0.405	0.003701074097187034
0.406	0.0033711499316076803
0.40700000000000003	0.0030603226192310127
0.40800000000000003	0.002768507313644534
0.40900000000000003	0.002495593778384232
0.41000000000000003	0.0022414586718864917
0.41100000000000003	0.0020060044548003346
0.41200000000000003	0.0017891491967598919
0.41300000000000003	0.0015907910162090548
0.41400000000000003	0.001410814815720661
0.41500000000000004	0.001249102550371082
0.41600000000000004	0.00110555616797284
0.417	0.000980075527957282
0.418	0.0008725493100383211
0.419	0.0007828598408650478
0.42	0.0007108911045664721
0.421	0.0006565370133079088
0.422	0.0006196863367261132
0.423	0.0006002220983288353
0.424	0.0005980228941673185
0.425	0.000612970259316656
0.426	0.0006449509033047499
0.427	0.0006938476086141594
0.428	0.0007595378611787003
0.429	0.0008418929972441687
0.43	0.0009407919155492672
0.431	0.0010561182674592188
0.432	0.00118775035347689
0.433	0.001335556758399833
0.434	0.0014993994023707032
0.435	0.0016791599003658376
0.436	0.0018747211529180844
0.437	0.00208595496719122
0.438	0.0023127148405600413
0.439	0.0025548587982296158
0.44	0.002812276342402671
0.441	0.0030848487872381924
0.442	0.003372436108823983
0.443	0.0036748714494463045
0.444	0.00399202289433673
0.445	0.004323788375405922
0.446	0.004670043515140846
0.447	0.005030628012493556
0.448	0.005405357749859939
0.449	0.00579412620304851
0.45	0.006196835077399785
0.451	0.006613347024691546
0.452	0.007043470725943851
0.453	0.007487025423423714
0.454	0.00794393392201984
0.455	0.008414094557058133
0.456	0.008897346781630571
0.457	0.00939346215568228
0.458	0.009902295433438721
0.459	0.010423789824891288
0.46	0.010957831102891433
0.461	0.011504222593608372
0.462	0.012062708850918586
0.463	0.012633206662449563
0.464	0.013215664072680306
0.465	0.013809942314610094
0.466	0.014415793563507286
0.467	0.015032974370182844
0.468	0.015661464331831763
0.46900000000000003	0.016301200862804982
0.47000000000000003	0.016952006139486945
0.47100000000000003	0.01761357334349989
0.47200000000000003	0.01828572824580896
0.47300000000000003	0.018968488117852435
0.47400000000000003	0.01966176583683701
0.47500000000000003	0.020365327739716808
0.47600000000000003	0.0210788248009583
0.47700000000000004	0.02180219451543955
0.47800000000000004	0.022535459883530326
0.47900000000000004	0.023278493171981614
0.48	0.024030986182711565
0.481	0.024792605146704217
0.482	0.025563399729942458
0.483	0.026343370950226975
0.484	0.02713233228485737
0.485	0.027929889616945557
0.486	0.028735813954426072
0.487	0.029550220360531593
0.488	0.030373068837170496
0.489	0.031204094079414775
0.49	0.03204283733554146
0.491	0.032889240658355336
0.492	0.03374342953285577
0.493	0.03460530340108751
0.494	0.035474496673776064
0.495	0.036350559289579976
0.496	0.03723361124053948
0.497	0.03812374302047506
0.498	0.03902077231176185
0.499	0.03992421693167582
0.5	0.04083376124859593
0.501	0.04174963404029671
0.502	0.042671864434489205
0.503	0.043600165802638716
0.504	0.04453396145961676
0.505	0.04547317038829787
0.506	0.046418044623439784
0.507	0.04736852955003008
0.508	0.04832421063855309
0.509	0.04928450210142091
0.51	0.05024957980526514
0.511	0.051219649653493474
0.512	0.052194549713979625
0.513	0.05317371654406802
0.514	0.05415671456452141
0.515	0.055143891902253904
0.516	0.05613536971142738
0.517	0.05713085428156979
0.518	0.05812965145111757
0.519	0.05913162128941188
0.52	0.06013716059265702
0.521	0.061146281014322096
0.522	0.06215853203244343
0.523	0.0631731813474979
0.524	0.0641904330124054
0.525	0.06521063227721381
0.526	0.06623365598700792
0.527	0.06725887255578152
0.528	0.06828569662360238
0.529	0.0693145889773792
0.53	0.07034578555028358
0.531	0.07137900264386293
0.532	0.07241343750812702
0.533	0.07344885131445085
0.534	0.07448579575691892
0.535	0.07552436959673985
0.536	0.07656410274086864
0.537	0.07760411517750286
0.538	0.07864460101728218
0.539	0.07968606464768226
0.54	0.08072844124400338
0.541	0.08177104874663615
0.542	0.08281313042610416
0.543	0.08385523927021375
0.544	0.08489774760877354
0.545	0.08594040063685404
0.546	0.08698230332238964
0.547	0.08802307831025542
0.548	0.0890634323649438
0.549	0.09010357171561806
0.55	0.09114302550532266
0.551	0.09218077445205125
0.552	0.09321695775711215
0.553	0.09425225257057178
0.554	0.09528667210490252
0.555	0.0963195039984362
0.556	0.0973498110672517
0.557	0.09837820355122201
0.558	0.09940520974936766
0.559	0.10043062338925256
0.56	0.10145347928239964
0.561	0.10247322681531842
0.562	0.10349071661684824
0.5630000000000001	0.10450628134874891
0.5640000000000001	0.10551946952269982
0.5650000000000001	0.10652913984605879
0.5660000000000001	0.10753532900591141
0.5670000000000001	0.10853889258570154
0.5680000000000001	0.10953994075660878
0.5690000000000001	0.11053775210032545
0.5700000000000001	0.1115312136589095
0.5710000000000001	0.11252094575520354
0.5720000000000001	0.11350764864321221
0.5730000000000001	0.1144911840098589
0.5740000000000001	0.11547054246814434
0.5750000000000001	0.11644497454752191
0.5760000000000001	0.11741545132643257
0.577	0.1183824486494849
0.578	0.11934555484840184
0.579	0.1203035311927048
0.58	0.12125626602769016
0.581	0.12220478966918014
0.582	0.12314932653385265
0.583	0.12408916810868177
0.584	0.1250230413123243
0.585	0.12595152327032616
0.586	0.1268754961626956
0.587	0.12779490796417065
0.588	0.12870873269840588
0.589	0.1296160092001399
0.59	0.13051779320434834
0.591	0.13141471757133805
0.592	0.13230643029412376
0.593	0.13319162511474458
0.594	0.13407000225987592
0.595	0.13494275277121723
0.596	0.1358102302224742
0.597	0.1366717607935893
0.598	0.1375259361501571
0.599	0.1383732354951444
0.6	0.13921472534851914
0.601	0.14005045641929884
0.602	0.140879413208961
0.603	0.1417004255514629
0.604	0.14251458619640944
0.605	0.1433226953621128
0.606	0.1441244791025863
0.607	0.14491859663697595
0.608	0.1457045301650708
0.609	0.14648360677217892
0.61	0.14725632110838358
0.611	0.14802205477696412
0.612	0.14877929623662728
0.613	0.1495283750096168
0.614	0.15027053575311577
0.615	0.15100594580969584
0.616	0.15173362471849655
0.617	0.1524522130311122
0.618	0.15316278248617238
0.619	0.15386630699968915
0.62	0.15456260692761417
0.621	0.1552503407449964
0.622	0.15592875568747477
0.623	0.15659927976386304
0.624	0.15726255714530205
0.625	0.15791804375932733
0.626	0.15856416170094928
0.627	0.15920104610870534
0.628	0.15983010438007225
0.629	0.16045163130809628
0.63	0.1610647033438902
0.631	0.1616678043312147
0.632	0.16226192322110763
0.633	0.16284820809605935
0.634	0.16342658710566146
0.635	0.16399575030794838
0.636	0.16455470819791976
0.637	0.1651049450048904
0.638	0.1656472590495207
0.639	0.16618119700742093
0.64	0.1667051537393665
0.641	0.16721903584129763
0.642	0.16772438881689408
0.643	0.16822164224652658
0.644	0.16870994906015427
0.645	0.16918767596288764
0.646	0.16965567130759449
0.647	0.17011525005513745
0.648	0.17056645843569737
0.649	0.17100804697907748
0.65	0.17143880397148503
0.651	0.1718602170221541
0.652	0.17227323921550453
0.653	0.17267752140790799
0.654	0.17307147018136024
0.655	0.17345474265116032
0.656	0.17382898906510175
0.657	0.17419477739094427
0.658	0.17455135376480863
0.659	0.17489701140993194
0.66	0.17523240831481438
0.661	0.17555901090712236
0.662	0.175876990263768
0.663	0.17618518120444007
0.664	0.1764821806921672
0.665	0.1767694207142383
0.666	0.1770480056628273
0.667	0.1773177006414467
0.668	0.1775769604804129
0.669	0.17782518681560297
0.67	0.1780640935945357
0.671	0.1782943869191187
0.672	0.17851541958616227
0.673	0.17872545631512618
0.674	0.17892492622588851
0.675	0.17911542385510634
0.676	0.1792972481953458
0.677	0.17946933618790967
0.678	0.17963013882327233
0.679	0.17978097056278983
0.68	0.17992307938039473
0.681	0.18005635109164003
0.682	0.18017932095034436
0.683	0.18029114473598193
0.684	0.18039355290403358
0.685	0.18048738560334815
0.686	0.18057211218119842
0.687	0.1806460125731591
0.6880000000000001	0.18070926210243787
0.6890000000000001	0.18076355278598896
0.6900000000000001	0.180809310863289
0.6910000000000001	0.1808455887014645
0.6920000000000001	0.180870742555708
0.6930000000000001	0.18088591381210892
0.6940000000000001	0.1808924800689274
0.6950000000000001	0.18089045061913334
0.6960000000000001	0.18087846746180333
0.6970000000000001	0.18085546540136957
0.6980000000000001	0.18082314001127714
0.6990000000000001	0.18078245771346316
0.7000000000000001	0.180733010577777
0.7010000000000001	0.18067313396002221
0.7020000000000001	0.1806027393510209
0.7030000000000001	0.18052357948601552
0.704	0.1804362035335668
0.705	0.18033978879645934
0.706	0.18023264812716897
0.707	0.18011570641779487
0.708	0.17999045008234735
0.709	0.17985701098997448
0.71	0.179714157330966
0.711	0.17956064171774244
0.712	0.17939807151870715
0.713	0.1792275282324165
0.714	0.17904872908650624
0.715	0.1788600997100051
0.716	0.17866129290841426
0.717	0.17845408077700875
0.718	0.1782391276538482
0.719	0.17801574143032795
0.72	0.17778224031995538
0.721	0.1775393034215808
0.722	0.17728849906700267
0.723	0.17703007728781073
0.724	0.17676294451580757
0.725	0.17648572161553008
0.726	0.17619987495954004
0.727	0.17590658687108413
0.728	0.17560569853927643
0.729	0.17529575402012865
0.73	0.1749761670640266
0.731	0.17464868502306427
0.732	0.17431407651638603
0.733	0.17397178188135431
0.734	0.17362016867642863
0.735	0.1732596559693827
0.736	0.1728918621856946
0.737	0.17251714785640218
0.738	0.172134562883783
0.739	0.1717426537219583
0.74	0.17134269782649997
0.741	0.17093596089250035
0.742	0.17052240346088798
0.743	0.17010070863867918
0.744	0.16967008363649996
0.745	0.16923220627805066
0.746	0.16878793584970506
0.747	0.16833684337508192
0.748	0.167877383261258
0.749	0.167409715299051
0.75	0.16693547274297674
0.751	0.16645511606873845
0.752	0.16596783950740993
0.753	0.1654721697764189
0.754	0.16496916089528602
0.755	0.16446013978304105
0.756	0.16394517862631705
0.757	0.16342311236257784
0.758	0.16289298470581634
0.759	0.16235636064487596
0.76	0.16181417427108943
0.761	0.16126612219943273
0.762	0.16071077555516836
0.763	0.16014804959522197
0.764	0.15957955541430122
0.765	0.15900584042171165
0.766	0.158426240432058
0.767	0.15783931080623909
0.768	0.157245863108828
0.769	0.15664725927773965
0.77	0.1560436727424673
0.771	0.15543409537555292
0.772	0.15481745802453195
0.773	0.15419517315519438
0.774	0.1535682320854598
0.775	0.15293644896131292
0.776	0.15229853325678155
0.777	0.15165418261627564
0.778	0.15100494910569393
0.779	0.1503514520963033
0.78	0.14969316298329677
0.781	0.14902870636141272
0.782	0.1483586473866063
0.783	0.14768435416281267
0.784	0.14700608872780266
0.785	0.146322997927376
0.786	0.14563395460945902
0.787	0.14494018467453582
0.788	0.1442427179324703
0.789	0.14354147547488783
0.79	0.14283531843268793
0.791	0.14212376348276784
0.792	0.14140826877608506
0.793	0.14068950925136023
0.794	0.13996708304558986
0.795	0.13923971588729264
0.796	0.13850773632743218
0.797	0.13777248870678216
0.798	0.1370343093174164
0.799	0.13629249275960265
0.8	0.13554590692764493
0.801	0.13479556707757723
0.802	0.1340425213512256
0.803	0.13328678516855794
0.804	0.13252737668818426
0.805	0.13176367507927386
0.806	0.1309970134479807
0.807	0.130228105044249
0.808	0.12945666355231558
0.809	0.12868153871248872
0.81	0.12790284400657337
0.811	0.12712187063938174
0.812	0.12633901362527641
0.8130000000000001	0.12555370522648768
0.8140000000000001	0.12476485267673147
0.8150000000000001	0.12397325136339742
0.8160000000000001	0.12317994559705565
0.8170000000000001	0.12238503100444283
0.8180000000000001	0.12158768098622641
0.8190000000000001	0.12078718432001129
0.8200000000000001	0.11998472327466582
0.8210000000000001	0.11918103185984312
0.8220000000000001	0.1183759262765147
0.8230000000000001	0.11756839431794944
0.8240000000000001	0.11675836510587322
0.8250000000000001	0.11594704948488253
0.8260000000000001	0.11513488503390165
0.8270000000000001	0.11432142941618115
0.8280000000000001	0.11350566361059401
0.8290000000000001	0.11268816768605314
0.8300000000000001	0.11186995920618115
0.8310000000000001	0.11105119892264999
0.8320000000000001	0.11023120762507994
0.833	0.10940923127188074
0.834	0.10858628213624527
0.835	0.10776309769523146
0.836	0.10693958234166416
0.837	0.10611486775417275
0.838	0.10528873568284354
0.839	0.10446229299129237
0.84	0.1036360035854931
0.841	0.1028095366449677
0.842	0.10198197141343567
0.843	0.10115368870144936
0.844	0.10032565710393937
0.845	0.09949808699853234
0.846	0.09867043398694725
0.847	0.09784194606711287
0.848	0.09701345405587335
0.849	0.0961856823483626
0.85	0.09535860845568214
0.851	0.09453150654809232
0.852	0.09370405124631197
0.853	0.09287722664610887
0.854	0.09205150718676976
0.855	0.09122665860894959
0.856	0.09040187355302619
0.857	0.08957735845327251
0.858	0.08875401276943931
0.859	0.08793208111489749
0.86	0.08711113880807887
0.861	0.08629047295663587
0.862	0.08547073204822758
0.863	0.08465261128248909
0.864	0.08383614599985663
0.865	0.08302074548182423
0.866	0.08220601775558761
0.867	0.08139281112861513
0.868	0.08058159571007714
0.869	0.07977221832172578
0.87	0.07896399164743599
0.871	0.07815697854113361
0.872	0.07735199240765817
0.873	0.07654929730863753
0.874	0.07574857232829756
0.875	0.07494917006255808
0.876	0.07415156714460006
0.877	0.07335641409659094
0.878	0.07256378908993893
0.879	0.07177322454556966
0.88	0.07098430001247615
0.881	0.07019772133391187
0.882	0.06941394079271405
0.883	0.06863287080895568
0.884	0.06785394347790778
0.885	0.06707711185266642
0.886	0.06630309055974361
0.887	0.06553214937322405
0.888	0.06476405491802019
0.889	0.06399824170623956
0.89	0.06323503360521592
0.891	0.06247502274755351
0.892	0.06171831589300464
0.893	0.060964553490594646
0.894	0.06021331999469129
0.895	0.0594651786396812
0.896	0.058720552129799264
0.897	0.057979403482933733
0.898	0.057241277698814416
0.899	0.05650605202340571
0.9	0.05577433442891344
0.901	0.05504638811091427
0.902	0.05432205124386792
0.903	0.053600847942610615
0.904	0.05288297405551132
0.905	0.05216895236853276
0.906	0.05145890515601989
0.907	0.0507525641302149
0.908	0.05004954531014647
0.909	0.049350275697274036
0.91	0.048655138647019675
0.911	0.047964133693089515
0.912	0.047276907856705366
0.913	0.04659329433595978
0.914	0.04591379173455071
0.915	0.04523864615201437
0.916	0.04456775201714524
0.917	0.04390072344118251
0.918	0.04323765578710333
0.919	0.04257899502713841
0.92	0.041924867397252465
0.921	0.04127507918414583
0.922	0.04062929544895796
0.923	0.03998782052780323
0.924	0.03935099044138174
0.925	0.038718828453517824
0.926	0.038091069844764555
0.927	0.03746753129285838
0.928	0.03684860443902857
0.929	0.03623450980030271
0.93	0.03562518386622933
0.931	0.035020325423740846
0.932	0.03441995704937608
0.933	0.033824444368270055
0.934	0.033233907829715394
0.935	0.03264821254164327
0.936	0.03206708117058525
0.937	0.03149071438696671
0.9380000000000001	0.030919395083975225
0.9390000000000001	0.030353159078154945
0.9400000000000001	0.0297918146768664
0.9410000000000001	0.02923518388374143
0.9420000000000001	0.028683558506968302
0.9430000000000001	0.028137127208386247
0.9440000000000001	0.027595855787930165
0.9450000000000001	0.027059518279152386
0.9460000000000001	0.02652809010277437
0.9470000000000001	0.026001857066973905
0.9480000000000001	0.02548092610207435
0.9490000000000001	0.024965206694310207
0.9500000000000001	0.024454480458733052
0.9510000000000001	0.023948865998354097
0.9520000000000001	0.02344859005603263
0.9530000000000001	0.022953691673180822
0.9540000000000001	0.02246403672965219
0.9550000000000001	0.021979467878027743
0.9560000000000001	0.021500188213790464
0.9570000000000001	0.0210263505907871
0.9580000000000001	0.020557939084183675
0.9590000000000001	0.020094790978807536
0.96	0.019636856359734323
0.961	0.019184345623424234
0.962	0.01873734660151314
0.963	0.018295800329012023
0.964	0.01785954324619558
0.965	0.01742863358140386
0.966	0.017003241973120857
0.967	0.016583403377088787
0.968	0.016169026653408587
0.969	0.015759983536320316
0.97	0.015356402644150814
0.971	0.014958399368196115
0.972	0.01456596693808808
0.973	0.014178992729125
0.974	0.013797418318072036
0.975	0.0134213864772648
0.976	0.013050962574358612
0.977	0.01268610820744642
0.978	0.012326706759878316
0.979	0.011972775818419653
0.98	0.011624433040781866
0.981	0.011281704097595772
0.982	0.010944527948519222
0.983	0.010612807138009498
0.984	0.010286612099117782
0.985	0.009966021288535793
0.986	0.00965103000941433
0.987	0.009341562599759382
0.988	0.00903756337130282
0.989	0.008739117875618208
0.99	0.008446267854772477
0.991	0.00815898648439577
0.992	0.007877194028128556
0.993	0.007600883677604827
0.994	0.007330126038052146
0.995	0.0070649344280909795
0.996	0.006805267017627016
0.997	0.006551053820154542
0.998	0.006302323312016884
0.999	0.006059119834918768
1.	0.00582143577720054
1.0010000000000001	0.005589220297667924
1.002	0.005362426097910318
1.0030000000000001	0.0051410935326019055
1.004	0.004925241680995729
1.0050000000000001	0.004714848393810398
1.006	0.004509859954129912
1.0070000000000001	0.004310256958918528
1.008	0.004116071163218569
1.0090000000000001	0.003927302551935251
1.01	0.0037439197187917987
1.0110000000000001	0.003565873525437658
1.012	0.0033931647656832583
1.0130000000000001	0.003225808713167833
1.014	0.003063791928996003
1.0150000000000001	0.0029070779186152304
1.016	0.002755628384607685
1.0170000000000001	0.002609450962788768
1.018	0.0024685450144817387
1.0190000000000001	0.0023328882583969974
1.02	0.00220244247698365
1.0210000000000001	0.00207718264046959
1.022	0.001957111379836269
1.0230000000000001	0.0018422163388742926
1.024	0.001732469890813548
1.025	0.0016278354376546354
1.026	0.001528297078503326
1.027	0.0014338479798298523
1.028	0.0013444679575840368
1.029	0.001260126467570549
1.03	0.001180790786699127
1.031	0.001106447513716071
1.032	0.0010370810140031676
1.033	0.0009726661085532657
1.034	0.0009131707653295818
1.035	0.0008585666216059324
1.036	0.0008088375143556811
1.037	0.0007639615454630279
1.038	0.0007239103365957204
1.039	0.0006886511782207331
1.04	0.0006581584169629123
1.041	0.0006324114568178802
1.042	0.0006113843054217567
1.043	0.0005950461733808852
1.044	0.0005833638957962096
1.045	0.0005763125848038573
1.046	0.0005738678736720404
1.047	0.0005760008471569088
1.048	0.0005826781315348219
1.049	0.000593866297080579
1.05	0.0006095402895857277
1.051	0.000629673058284021
1.052	0.0006542329641732565
1.053	0.0006831832496684055
1.054	0.0007164911993247796
1.055	0.0007541314796458379
1.056	0.0007960748910450742
1.057	0.0008422863403299048
1.058	0.0008927251635634401
1.059	0.0009473612920064399
1.06	0.0010061690987017585
1.061	0.0010691168537008983
1.062	0.0011361644014741881
1.063	0.0012072685364507803
1.064	0.001282403710396946
1.065	0.0013615434426367428
1.066	0.0014446521997062947
1.067	0.0015316827160172322
1.068	0.0016225939504926083
1.069	0.0017173647126993035
1.07	0.0018159666284401756
1.071	0.0019183582498941865
1.072	0.0020244845844645584
1.073	0.0021343128818665266
1.074	0.0022478244265814328
1.075	0.0023649871437390643
1.076	0.0024857507840346936
1.077	0.0026100560400408174
1.078	0.0027378827036449393
1.079	0.0028692116326881436
1.08	0.0030040044468473085
1.081	0.0031421988544925493
1.082	0.003283740999769115
1.083	0.003428621683205811
1.084	0.003576818554409738
1.085	0.003728283588665897
1.086	0.0038829418122411784
1.087	0.00404075645554532
1.088	0.004201723942794033
1.089	0.004365815624785911
1.09	0.0045329698290840085
1.091	0.004703104631908496
1.092	0.0048762075864651165
1.093	0.005052274353653224
1.094	0.005231266202948772
1.095	0.005413103427722517
1.096	0.005597712709160648
1.097	0.005785102762356519
1.098	0.0059752633358711804
1.099	0.006168141213923522
1.1	0.006363637597479705
1.101	0.006561706955056146
1.102	0.006762368410376159
1.103	0.006965601537686045
1.104	0.007171333686925377
1.105	0.007379454749292374
1.106	0.007589958712789118
1.107	0.007802863718337922
1.108	0.008018134369527185
1.109	0.008235673224365051
1.11	0.008455379993289195
1.111	0.008677284469636096
1.112	0.00890139515014582
1.113	0.00912765636946076
1.114	0.009355943796837185
1.115	0.009586195799245485
1.116	0.009818460339569197
1.117	0.010052730750309552
1.118	0.01028892537800777
1.119	0.010526902102876549
1.12	0.010766656432326625
1.121	0.011008236293768034
1.122	0.011251614215983955
1.123	0.01149667650231802
1.124	0.011743288945415443
1.125	0.011991502096754062
1.1260000000000001	0.012241350117939684
1.127	0.012492778716356647
1.1280000000000001	0.01274563851858134
1.129	0.012999842935757108
1.1300000000000001	0.013255472766709473
1.131	0.01351254107689145
1.1320000000000001	0.013770960440446515
1.133	0.01403055511069607
1.1340000000000001	0.014291314186680648
1.135	0.014553321685537675
1.1360000000000001	0.014816563268249086
1.137	0.015080911855505879
1.1380000000000001	0.015346194313309153
1.139	0.015612477636036438
1.1400000000000001	0.015879828515892116
1.141	0.016148198648482052
1.1420000000000001	0.016417416128511657
1.143	0.016687360291442944
1.1440000000000001	0.016958145984222846
1.145	0.017229812124950974
1.1460000000000001	0.017502269715615228
1.147	0.017775310143749237
1.1480000000000001	0.018048906056596193
1.149	0.01832318223055295
1.1500000000000001	0.018598142990172675
1.151	0.01887365183404897
1.1520000000000001	0.019149494265894358
1.153	0.019425745746689184
1.154	0.019702511795071473
1.155	0.01997975521230447
1.156	0.02025728573666438
1.157	0.020534940548883687
1.158	0.020812866457418932
1.159	0.02109113421372848
1.16	0.021369658123425436
1.161	0.021648199754541082
1.162	0.021926704253699223
1.163	0.022205339614098322
1.164	0.022484134396082628
1.165	0.022762947478828077
1.166	0.023041523247697555
1.167	0.023319934891929902
1.168	0.02359833187450267
1.169	0.023876693435861455
1.17	0.02415481630946299
1.171	0.024432489741915885
1.172	0.02470988676978864
1.173	0.02498711555448064
1.174	0.02526409896566668
1.175	0.02554057378203909
1.176	0.02581644681061742
1.177	0.026091929025781394
1.178	0.026367078569254455
1.179	0.02664175504806416
1.18	0.026915664624682912
1.181	0.027188865722189343
1.182	0.027461555156469357
1.183	0.027733733884347106
1.184	0.02800519159606037
1.185	0.02827566724028668
1.186	0.028545350548767258
1.187	0.028814392025981867
1.188	0.029082728471013713
1.189	0.029350078430354067
1.19	0.02961630095778805
1.191	0.02988164673371484
1.192	0.030146208355900348
1.193	0.030409851761804906
1.194	0.030672250175191353
1.195	0.03093343415772497
1.196	0.031193649116199845
1.197	0.03145292269308654
1.198	0.03171104360264899
1.199	0.031967702176658175
1.2	0.03222309183241426
1.201	0.03247740941224039
1.202	0.032730610853805034
1.203	0.03298240399832757
1.204	0.033232593278059025
1.205	0.0334814625819564
1.206	0.03372914315257204
1.207	0.03397551284322734
1.208	0.034220219168662545
1.209	0.03446325233332473
1.21	0.03470490504825822
1.211	0.03494523607840416
1.212	0.03518403924995925
1.213	0.03542096115416124
1.214	0.035656184140406555
1.215	0.03588995379017065
1.216	0.03612224999685185
1.217	0.036352777789728646
1.218	0.03658128359821132
1.219	0.03680807479966072
1.22	0.03703332460354222
1.221	0.037256928098451346
1.222	0.03747851569994221
1.223	0.03769802650599138
1.224	0.03791579650306704
1.225	0.038131919290753685
1.226	0.03834619973961573
1.227	0.03855824805760848
1.228	0.03876822050816307
1.229	0.03897641176088326
1.23	0.03918282988477049
1.231	0.03938718475753437
1.232	0.03958916560848157
1.233	0.03978909055053929
1.234	0.03998717707289661
1.235	0.040183342333287145
1.236	0.040377209007534866
1.237	0.04056865709278359
1.238	0.04075805901901576
1.239	0.04094554605208084
1.24	0.041130939648962785
1.241	0.0413138228761952
1.242	0.0414943118310562
1.243	0.04167274830963105
1.244	0.0418491720088001
1.245	0.042023304532041596
1.246	0.04219478329747504
1.247	0.042363921748394345
1.248	0.04253098285413236
1.249	0.04269591000415083
1.25	0.0428583276009614
1.2510000000000001	0.04301805210139536
1.252	0.0431754828495256
1.2530000000000001	0.04333079061174942
1.254	0.04348381838130381
1.2550000000000001	0.043634132531328466
1.256	0.04378179694765004
1.2570000000000001	0.04392719615763116
1.258	0.044070404038325975
1.2590000000000001	0.044211159784004236
1.26	0.04434905835227988
1.2610000000000001	0.044484391720840843
1.262	0.04461746813013765
1.2630000000000001	0.044748260544096766
1.264	0.04487640405752925
1.2650000000000001	0.04500165124273184
1.266	0.045124416402674124
1.2670000000000001	0.045244910564999734
1.268	0.04536300245167805
1.2690000000000001	0.04547825269268209
1.27	0.04559066386955586
1.2710000000000001	0.045700656436725356
1.272	0.045808340011117
1.2730000000000001	0.04591347646596928
1.274	0.046015629605121004
1.2750000000000001	0.046115054221648404
1.276	0.046212101601572776
1.2770000000000001	0.0463067766967959
1.278	0.0463987332256695
1.2790000000000001	0.04648766387616545
1.28	0.04657398395680245
1.281	0.046657944408246936
1.282	0.04673944299014248
1.283	0.04681804536255925
1.284	0.04689368734473543
1.285	0.04696681627935662
1.286	0.04703757803794321
1.287	0.04710576140540446
1.288	0.047170911312974906
1.289	0.047233231977192
1.29	0.04729311336663196
1.291	0.047350593836090686
1.292	0.04740535219548479
1.293	0.04745702953941831
1.294	0.047506026794591386
1.295	0.047552633362159674
1.296	0.047596778378735854
1.297	0.04763804251874873
1.298	0.047676293426708524
1.299	0.04771199437728792
1.3	0.04774532695366278
1.301	0.04777611012723716
1.302	0.04780388244163764
1.303	0.0478287873108597
1.304	0.0478512469667241
1.305	0.04787133355358909
1.306	0.04788875568718291
1.307	0.047903115063522815
1.308	0.04791478211761931
1.309	0.04792408218408999
1.31	0.04793097709999195
1.311	0.047935071237663135
1.312	0.047936166822734425
1.313	0.04793473063214707
1.314	0.04793097838534824
1.315	0.047924761495289125
1.316	0.047915624100409934
1.317	0.0479036423308138
1.318	0.04788926242105922
1.319	0.04787258967191795
1.32	0.047853365700356004
1.321	0.047831167080109954
1.322	0.04780631887504604
1.323	0.04777917842778179
1.324	0.04774974057602143
1.325	0.04771764038486129
1.326	0.04768262142227577
1.327	0.04764514061184975
1.328	0.047605445261832205
1.329	0.0475634204395512
1.33	0.047518626751950406
1.331	0.047471070605841575
1.332	0.04742121247318092
1.333	0.04736918920231192
1.334	0.047314777504960305
1.335	0.04725754300964654
1.336	0.04719775388043715
1.337	0.04713579380769413
1.338	0.04707168993556352
1.339	0.04700511307733564
1.34	0.04693575848163323
1.341	0.046864059558728265
1.342	0.04679029177795447
1.343	0.04671437404654057
1.344	0.046635892724786465
1.345	0.04655478611245655
1.346	0.04647151808647187
1.347	0.046386254534537937
1.348	0.046298808283181836
1.349	0.046208747298767866
1.35	0.046116275224138505
1.351	0.04602179491234338
1.352	0.045925364187421006
1.353	0.04582669261722212
1.354	0.04572544038831541
1.355	0.045622004095123805
1.356	0.0455166831790357
1.357	0.04540942959454498
1.358	0.04529986281286901
1.359	0.04518785844421737
1.36	0.04507387238416811
1.361	0.04495809625656142
1.362	0.04484037898709584
1.363	0.04472030268590784
1.364	0.044598002949076
1.365	0.044473893421072205
1.366	0.04434806013812342
1.367	0.04422025245051157
1.368	0.04409011068681426
1.369	0.04395798247848114
1.37	0.04382418638548583
1.371	0.04368870571837673
1.372	0.04355119829827301
1.373	0.043411485773060525
1.374	0.043270004675319954
1.375	0.043126968394335274
1.3760000000000001	0.042982260973326504
1.377	0.04283548856217592
1.3780000000000001	0.042686719191741
1.379	0.042536368158520826
1.3800000000000001	0.042384546517758956
1.381	0.042231043060660514
1.3820000000000001	0.042075493066200974
1.383	0.04191818622193458
1.3840000000000001	0.04175945438669876
1.385	0.04159930974278928
1.3860000000000001	0.041437451533998526
1.387	0.041273658797807894
1.3880000000000001	0.041108337897898334
1.389	0.040941719496413294
1.3900000000000001	0.040773720903401776
1.391	0.04060398001892161
1.3920000000000001	0.040432501458405594
1.393	0.04025969273320119
1.3940000000000001	0.04008568613398637
1.395	0.03991030859492327
1.3960000000000001	0.03973320325505516
1.397	0.03955459708475455
1.3980000000000001	0.0393748284651075
1.399	0.03919393529910209
1.4000000000000001	0.0390116592441846
1.401	0.03882774987840119
1.4020000000000001	0.03864257371671127
1.403	0.038456373837615895
1.4040000000000001	0.03826909821770988
1.405	0.038080421911028874
1.4060000000000001	0.03789029338711939
1.407	0.03769910312995702
1.408	0.03750700044073514
1.409	0.037313848261052725
1.41	0.037119308223405346
1.411	0.03692354383409989
1.412	0.03672689265129893
1.413	0.036529414622778866
1.414	0.03633089292708597
1.415	0.03613106172555863
1.416	0.03593023962786554
1.417	0.035728677073295134
1.418	0.03552634949168818
1.419	0.035322972210716515
1.42	0.03511844723502284
1.421	0.034913139458478425
1.422	0.03470721068400347
1.423	0.034500557020659
1.424	0.034292866756668115
1.425	0.03408424278856213
1.426	0.03387501436402197
1.427	0.03366525942681217
1.428	0.03345480027264113
1.429	0.03324336940305571
1.43	0.033031231753525105
1.431	0.03281863995232856
1.432	0.03260559320448659
1.433	0.03239184809503081
1.434	0.03217727144419479
1.435	0.03196219511891223
1.436	0.03174678879163594
1.437	0.03153097834078627
1.438	0.031314484364634694
1.439	0.031097354998227623
1.44	0.030879903979456107
1.441	0.030662222982969774
1.442	0.030444170212267953
1.443	0.03022548803295732
1.444	0.03000638559109948
1.445	0.029787112224907486
1.446	0.029567686926196667
1.447	0.029347906636042326
1.448	0.02912761501349565
1.449	0.028907104968589604
1.45	0.02868654944584421
1.451	0.028465900290879205
1.452	0.028244913661309847
1.453	0.028023591038661023
1.454	0.02780222414700812
1.455	0.02758091406635061
1.456	0.027359551202303895
1.457	0.0271378965216498
1.458	0.026916104860150388
1.459	0.026694416712196415
1.46	0.026472866713067485
1.461	0.026251289700518106
1.462	0.02602951809492488
1.463	0.02580780171831091
1.464	0.025586312375420493
1.465	0.025365023829287445
1.466	0.025143728860261998
1.467	0.024922391860295424
1.468	0.024701277088294935
1.469	0.024480490793912926
1.47	0.024259951542008336
1.471	0.024039444914582937
1.472	0.02381907583755882
1.473	0.02359907070977431
1.474	0.023379475662915775
1.475	0.023160159789130816
1.476	0.022940955315206856
1.477	0.02272206682831891
1.478	0.02250366090608375
1.479	0.022285729085283923
1.48	0.022068099954562645
1.481	0.021850711020622433
1.482	0.02163379496380727
1.483	0.021417459197701678
1.484	0.021201646223957232
1.485	0.020986169725731214
1.486	0.020771091273674262
1.487	0.020556618563214463
1.488	0.020342805214224855
1.489	0.020129550241905547
1.49	0.01991669488785536
1.491	0.01970439870518732
1.492	0.019492819305523282
1.493	0.019281961908176562
1.494	0.01907168858580587
1.495	0.018861920031019417
1.496	0.018652854765443923
1.497	0.018444597716935244
1.498	0.018237111073291755
1.499	0.01803023787416911
1.5	0.01782400424025897
1.5010000000000001	0.017618595484449523
1.502	0.01741406897527326
1.5030000000000001	0.017210349169253916
1.504	0.017007292732709317
1.5050000000000001	0.016805017127290704
1.506	0.016603667561077215
1.5070000000000001	0.016403259031989997
1.508	0.016203683661268266
1.5090000000000001	0.016004854581835256
1.51	0.015806935202474944
1.5110000000000001	0.015610024780446647
1.512	0.015414101051769788
1.5130000000000001	0.015219035806919388
1.514	0.015024828188023826
1.5150000000000001	0.014831638585057736
1.516	0.014639524758146167
1.5170000000000001	0.014448432169106552
1.518	0.014258236674142489
1.5190000000000001	0.014069018663869082
1.52	0.013880908049021765
1.5210000000000001	0.013693926009318631
1.522	0.013507990569518596
1.5230000000000001	0.013323015186549282
1.524	0.0131391288119578
1.5250000000000001	0.012956422401186015
1.526	0.012774885340025993
1.5270000000000001	0.012594416114087835
1.528	0.01241499520744259
1.5290000000000001	0.012236756807923918
1.53	0.012059756187619189
1.5310000000000001	0.011883955557791795
1.532	0.01170925146740254
1.5330000000000001	0.01153569352316092
1.534	0.011363394217377676
1.5350000000000001	0.011192377723847522
1.536	0.011022583497751773
1.537	0.010853931431340185
1.538	0.010686518165426094
1.539	0.010520424340855018
1.54	0.010355647443898785
1.541	0.010192109572840538
1.542	0.010029780115038852
1.543	0.009868767065533857
1.544	0.009709120880456393
1.545	0.009550816562770114
1.546	0.009393771028718198
1.547	0.00923800989224685
1.548	0.00908362703270487
1.549	0.00893064692138093
1.55	0.008779026046540454
1.551	0.008628694653673467
1.552	0.008479720684962751
1.553	0.008332173048493648
1.554	0.008186054221223675
1.555	0.008041306213845956
1.556	0.007897893651082798
1.557	0.00775589956396002
1.558	0.0076153678687771315
1.559	0.007476282799564948
1.56	0.007338579940382978
1.561	0.007202267536422342
1.562	0.007067420656447047
1.563	0.006934061924553852
1.564	0.006802160820117217
1.565	0.006671659622360944
1.566	0.0065426023430375235
1.567	0.006415045350800196
1.568	0.0062889935125085734
1.569	0.006164404805265373
1.57	0.0060412438909688984
1.571	0.005919571123038483
1.572	0.0057994227880861695
1.573	0.005680789266122438
1.574	0.005563622182144914
1.575	0.005447918323554111
1.576	0.005333734731810933
1.577	0.005221090629910351
1.578	0.005109964897936983
1.579	0.005000311763661339
1.58	0.00489215651268547
1.581	0.004785542884500522
1.582	0.004680476092010973
1.583	0.004576926204075471
1.584	0.0044748610494654084
1.585	0.00437432140269955
1.586	0.004275335472718849
1.587	0.004177897232930884
1.588	0.004081971209554166
1.589	0.003987547532770216
1.59	0.003894666880866243
1.591	0.003803344129690626
1.592	0.003713564487074236
1.593	0.0036252927735450904
1.594	0.0035385405568933966
1.595	0.0034533396103011084
1.596	0.003369694032062665
1.597	0.0032875824314481904
1.598	0.0032069772896929217
1.599	0.0031279034068305307
1.6	0.0030503810918118333
1.601	0.0029744059266495386
1.602	0.0028999520492892796
1.603	0.0028270063866742824
1.604	0.00275559562203604
1.605	0.0026857299419494303
1.606	0.0026173983704645045
1.607	0.002550574160387014
1.608	0.002485259482452698
1.609	0.002421475516724255
1.61	0.0023592243746750775
1.611	0.0022984901725067383
1.612	0.0022392500162427315
1.613	0.0021815165374390456
1.614	0.0021253028941959893
1.615	0.0020706048742249444
1.616	0.002017403085144867
1.617	0.0019656832850811906
1.618	0.0019154609921825836
1.619	0.001866741941912179
1.62	0.0018195170469464965
1.621	0.0017737654428795244
1.622	0.0017294832004545889
1.623	0.0016866828754965196
1.624	0.0016453642942970258
1.625	0.0016055146401081635
1.6260000000000001	0.0015671144954580198
1.627	0.0015301678729907774
1.6280000000000001	0.0014946820692307643
1.629	0.0014606522505350697
1.6300000000000001	0.0014280627219883369
1.631	0.0013968987702576493
1.6320000000000001	0.001367167747897014
1.633	0.001338871716254723
1.6340000000000001	0.0013120021349321644
1.635	0.0012865414335973438
1.6360000000000001	0.0012624816804085463
1.637	0.0012398291941011458
1.6380000000000001	0.001218581758574137
1.639	0.0011987277877283334
1.6400000000000001	0.0011802495472250695
1.641	0.0011631452858699605
1.6420000000000001	0.001147418211341144
1.643	0.001133062592896468
1.6440000000000001	0.001120064174587984
1.645	0.0011084073534292887
1.6460000000000001	0.001098094160531315
1.647	0.0010891242419619428
1.6480000000000001	0.0010814888313563091
1.649	0.0010751712982672653
1.6500000000000001	0.0010701605850382304
1.651	0.0010664593515691135
1.6520000000000001	0.001064064074647115
1.653	0.0010629631555209677
1.6540000000000001	0.0010631385134207238
1.655	0.0010645845152642557
1.6560000000000001	0.0010673024178194349
1.657	0.0010712858277839694
1.6580000000000001	0.0010765202522041368
1.659	0.0010829879945604248
1.6600000000000001	0.0010906881222445047
1.661	0.0010996195344641477
1.6620000000000001	0.001109773000641547
1.663	0.0011211309035267637
1.6640000000000001	0.0011336788359142841
1.665	0.0011474183069247993
1.666	0.0011623456518775363
1.667	0.0011784485810198604
1.668	0.0011957067306890368
1.669	0.0012141113743180014
1.67	0.001233664151812658
1.671	0.0012543586970231938
1.672	0.0012761791985007771
1.673	0.0012991042476682912
1.674	0.0013231315400698029
1.675	0.0013482612087371288
1.676	0.0013744838063346246
1.677	0.0014017793421089633
1.678	0.0014301289752207053
1.679	0.0014595352236429701
1.68	0.0014899958043586242
1.681	0.0015214975795453177
1.682	0.0015540163034450038
1.683	0.001587539876821769
1.684	0.0016220726468217604
1.685	0.0016576093527742545
1.686	0.001694132344455436
1.687	0.0017316148400750569
1.688	0.001770053788437832
1.689	0.0018094527274885703
1.69	0.0018498026651467645
1.691	0.0018910804271766461
1.692	0.0019332611281828922
1.693	0.001976349828935531
1.694	0.002020347427939959
1.695	0.0020652402468567667
1.696	0.002110999054559331
1.697	0.002157607185575259
1.698	0.002205073780957049
1.699	0.002253396077239
1.7	0.0023025545732259945
1.701	0.0023525157084084767
1.702	0.0024032752790559345
1.703	0.002454842432781775
1.704	0.002507209658726539
1.705	0.0025603503353872374
1.706	0.0026142317914829437
1.707	0.002668862280184983
1.708	0.002724247872364959
1.709	0.0027803750543970007
1.71	0.002837209079881209
1.711	0.0028947268647941623
1.712	0.002952943960682351
1.713	0.0030118617253911775
1.714	0.003071459238406564
1.715	0.003131695216410924
1.716	0.003192562939321192
1.717	0.0032540792194375974
1.718	0.003316239329793139
1.719	0.0033790134125122047
1.72	0.003442359521076896
1.721	0.003506288687380256
1.722	0.0035708142337583268
1.723	0.0036359238397798894
1.724	0.0037015772915464716
1.725	0.0037677429048088105
1.726	0.0038344435664540073
1.727	0.003901686528132389
1.728	0.003969450252964948
1.729	0.004037685369525603
1.73	0.004106380505764522
1.731	0.0041755618489775935
1.732	0.004245228954377744
1.733	0.004315349354708338
1.734	0.004385870805318538
1.735	0.004456805676588251
1.736	0.004528176552232729
1.737	0.004599973577632398
1.738	0.0046721516391448935
1.739	0.004744668313639192
1.74	0.004817553860932336
1.741	0.004890823263117733
1.742	0.004964455463157996
1.743	0.005038393252086106
1.744	0.005112617970328287
1.745	0.005187166354317729
1.746	0.005262043853139332
1.747	0.005337216359429511
1.748	0.0054126209179295075
1.749	0.005488268906794422
1.75	0.00556419394502859
1.7510000000000001	0.005640390079502057
1.752	0.005716808278085727
1.7530000000000001	0.005793393667434226
1.754	0.005870182874718386
1.7550000000000001	0.005947200431314415
1.756	0.0060244270686754635
1.7570000000000001	0.006101798574732099
1.758	0.006179286194436337
1.7590000000000001	0.00625693767766956
1.76	0.006334766011705153
1.7610000000000001	0.006412736679261798
1.762	0.006490776279699401
1.7630000000000001	0.006568892200383912
1.764	0.006647130466853999
1.7650000000000001	0.006725490545738426
1.766	0.006803920741404627
1.7670000000000001	0.006882352809750618
1.768	0.006960827594403815
1.7690000000000001	0.007039380898739904
1.77	0.007117996682834054
1.7710000000000001	0.007196605062154893
1.772	0.007275164558665281
1.7730000000000001	0.007353733547077313
1.774	0.007432334152783915
1.7750000000000001	0.007510932857468418
1.776	0.007589446748203281
1.7770000000000001	0.007667875846624432
1.778	0.007746279396608068
1.7790000000000001	0.007824663807915246
1.78	0.007902976149146864
1.7810000000000001	0.007981134819514691
1.782	0.008059181714627705
1.7830000000000001	0.008137165406530785
1.784	0.008215074576823734
1.7850000000000001	0.00829283536672095
1.786	0.008370391476915042
1.7870000000000001	0.008447810563552281
1.788	0.008525125374521929
1.7890000000000001	0.008602304897435815
1.79	0.008679258235060569
1.7910000000000001	0.008755974621846112
1.792	0.00883252663791502
1.793	0.008908929092243893
1.794	0.008985129381276671
1.795	0.00906103336477906
1.796	0.00913668021572295
1.797	0.009212132354785496
1.798	0.009287384656478421
1.799	0.009362361199048158
1.8	0.009436989610853198
1.801	0.009511344478834125
1.802	0.009585470478644489
1.803	0.009659340632078578
1.804	0.00973285805964257
1.805	0.0098059980793876
1.806	0.009878845930098173
1.807	0.009951426143280588
1.808	0.010023688067523195
1.809	0.01009552656582052
1.81	0.01016697403365385
1.811	0.010238107269303135
1.812	0.01030892872207447
1.813	0.010379362366029056
1.814	0.010449319617416911
1.815	0.010518878638288907
1.816	0.010588097103727876
1.817	0.010656953548235622
1.818	0.010725347433216539
1.819	0.010793237643890289
1.82	0.010860720544069283
1.821	0.010927831521271731
1.822	0.010994523486725962
1.823	0.011060682456090825
1.824	0.011126330049280833
1.825	0.01119155731593336
1.826	0.011256375512406422
1.827	0.011320710359760549
1.828	0.011384458201657245
1.829	0.011447696497326042
1.83	0.011510496707112787
1.831	0.011572844243410636
1.832	0.011634637383091985
1.833	0.011695816953607104
1.834	0.011756488040135326
1.835	0.011816697782393222
1.836	0.01187640418346556
1.837	0.011935487010984073
1.838	0.011993953498087193
1.839	0.012051908093964695
1.84	0.012109371893643243
1.841	0.012166274088262909
1.842	0.012222498090305811
1.843	0.012278115954683665
1.844	0.012333213265782357
1.845	0.012387783510834133
1.846	0.012441726236018785
1.847	0.01249496369527488
1.848	0.012547606456814601
1.849	0.012599714034388542
1.85	0.01265125091182983
1.851	0.01270209347907297
1.852	0.01275223165678333
1.853	0.012801781685836521
1.854	0.012850775289913689
1.855	0.012899146734243607
1.856	0.01294676925801348
1.857	0.01299370495254818
1.858	0.013040053263195224
1.859	0.013085816735541017
1.86	0.01313089845628829
1.861	0.013175202841853872
1.862	0.013218841955047866
1.863	0.013261888005005548
1.864	0.013304313155298937
1.865	0.013345993373869007
1.866	0.013386899275706314
1.867	0.013427156542133752
1.868	0.013466808043421376
1.869	0.013505794551744018
1.87	0.013543982306736533
1.871	0.013581419350761135
1.872	0.013618218075170737
1.873	0.013654390819133338
1.874	0.013689846157444945
1.875	0.013724472715311516
1.8760000000000001	0.013758379442570372
1.877	0.013791651249553541
1.8780000000000001	0.01382426894927792
1.879	0.013856110949810988
1.8800000000000001	0.013887127679813253
1.881	0.01391745122294525
1.8820000000000001	0.013947135822370999
1.883	0.013976129974972436
1.8840000000000001	0.014004296305418705
1.885	0.014031665477076561
1.8860000000000001	0.014058361250737178
1.887	0.014084406221916729
1.8880000000000001	0.014109715992606991
1.889	0.014134166643464416
1.8900000000000001	0.014157859037947569
1.891	0.014180890446647568
1.8920000000000001	0.014203251043648817
1.893	0.014224824284797422
1.8940000000000001	0.014245540747406828
1.895	0.014265535290880631
1.8960000000000001	0.014284873457143065
1.897	0.014303512437092552
1.8980000000000001	0.014321314634940458
1.899	0.01433829098096703
1.9000000000000001	0.01435457439723603
1.901	0.014370197912410858
1.9020000000000001	0.014385085388062572
1.903	0.01439910415675468
1.9040000000000001	0.01441234239839424
1.905	0.014424908883670505
1.9060000000000001	0.014436803583164334
1.907	0.014447917219822397
1.9080000000000001	0.014458162091698123
1.909	0.014467671754791377
1.9100000000000001	0.01447652267682924
1.911	0.014484681440968311
1.9120000000000001	0.014492013450797994
1.913	0.014498508673777423
1.9140000000000001	0.014504306422136765
1.915	0.014509450045431601
1.9160000000000001	0.01451387262660767
1.917	0.01451743667792962
1.9180000000000001	0.014520213930466158
1.919	0.01452232321649169
1.92	0.014523774454658763
1.921	0.014524467365568573
1.922	0.014524298717530712
1.923	0.01452339639850159
1.924	0.014521847141667635
1.925	0.014519627337593714
1.926	0.014516608275878123
1.927	0.014512758925996416
1.928	0.014508221760222817
1.929	0.014503050054483263
1.93	0.014497186788297513
1.931	0.014490493498880553
1.932	0.01448302273229701
1.933	0.014474901405917022
1.934	0.01446614925653464
1.935	0.01445667618094277
1.936	0.014446367209073415
1.937	0.014435340100810308
1.938	0.014423690927459895
1.939	0.014411406017225008
1.94	0.014398364973739903
1.941	0.01438451691903912
1.942	0.014370003930087699
1.943	0.01435488854829134
1.944	0.01433912403261928
1.945	0.014322574520797004
1.946	0.014305271786713637
1.947	0.014287348392938404
1.948	0.014268833494609078
1.949	0.014249647824514215
1.95	0.014229669131089681
1.951	0.014209000868808731
1.952	0.014187747222981955
1.953	0.014165904312438804
1.954	0.014143361936405792
1.955	0.0141200516216606
1.956	0.014096111325849838
1.957	0.01407161195262748
1.958	0.014046517135059966
1.959	0.014020696764172325
1.96	0.013994161444305766
1.961	0.013967046584030942
1.962	0.013939390107183225
1.963	0.013911123905081773
1.964	0.013882122804595247
1.965	0.013852472774371068
1.966	0.013822284458865798
1.967	0.01379156335963531
1.968	0.01376021075802037
1.969	0.013728143788192747
1.97	0.013695492566851077
1.971	0.013662335245376652
1.972	0.0136286456504159
1.973	0.013594302042247812
1.974	0.013559294612518365
1.975	0.013523758584775824
1.976	0.013487739779362854
1.977	0.013451181276302779
1.978	0.013413958955485614
1.979	0.013376139311572102
1.98	0.01333783740460308
1.981	0.013299067474045061
1.982	0.0132597429649508
1.983	0.013219770565320442
1.984	0.013179269008005434
1.985	0.013138322403107658
1.986	0.013096914336221965
1.987	0.013054933443191329
1.988	0.01301235130902434
1.989	0.012969299852803356
1.99	0.012925831730053107
1.991	0.012881900965867932
1.992	0.012837387939854963
1.993	0.012792338888600405
1.994	0.012746870956855474
1.995	0.01270100627068375
1.996	0.012654670542938888
1.997	0.0126077644535116
1.998	0.012560392163694836
1.999	0.012512642318605865
2.	0.012464544191066611