0.	1.
0.001	0.9999424458594524
0.002	0.9998686814207399
0.003	0.9995950620341624
0.004	0.9994091183782501
0.005	0.9989955666691089
0.006	0.9985438693238068
0.007	0.9981638269641765
0.008	0.9973592010730485
0.009000000000000001	0.9969552502333086
0.01	0.9960263158876509
0.011	0.9952630911754204
0.012	0.9945149452305259
0.013000000000000001	0.993229948967354
0.014	0.9925963444392408
0.015	0.9911095455544977
0.016	0.9900999538620223
0.017	0.9889129016669462
0.018000000000000002	0.9872089787171066
0.019	0.9863257737635553
0.02	0.9842720517017558
0.021	0.9830810723621068
0.022	0.9813774467498306
0.023	0.9793390878048329
0.024	0.9781618325715316
0.025	0.9755631784295098
0.026000000000000002	0.9742132215277624
0.027	0.9719415495050068
0.028	0.9696579959642739
0.029	0.9681223036785077
0.03	0.9650265157292511
0.031	0.9635449849444572
0.032	0.9606620592565388
0.033	0.9582086308562235
0.034	0.9562327142320062
0.035	0.9527125311855731
0.036000000000000004	0.9510761917127379
0.037	0.9475691184729895
0.038	0.9450321999531355
0.039	0.9425390462666224
0.04	0.938689082858325
0.041	0.9368641251147825
0.042	0.9327442450890296
0.043000000000000003	0.9301818891116185
0.044	0.927098964846954
0.045	0.923034959859602
0.046	0.9209397635954751
0.047	0.9162577459614925
0.048	0.9137059636419287
0.049	0.9099705319954804
0.05	0.9057933550809771
0.051000000000000004	0.9033553622595532
0.052000000000000005	0.8981872693841085
0.053	0.8956389644365427
0.054	0.8912246906666595
0.055	0.8870510733466384
0.056	0.8841700831201325
0.057	0.8786267002560579
0.058	0.8760564647784335
0.059000000000000004	0.8709649342987831
0.06	0.8668811893480932
0.061	0.863458916115337
0.062	0.8576754509108014
0.063	0.8550245381988952
0.064	0.849293660605184
0.065	0.8453595414176559
0.066	0.8413409597418776
0.067	0.8354477167115676
0.068	0.8326325075663082
0.069	0.8263276332568013
0.07	0.822576438960469
0.07100000000000001	0.8178932745129937
0.07200000000000001	0.8120104828735009
0.073	0.8089245520114985
0.074	0.8021483326993007
0.075	0.7985914416552186
0.076	0.7931953930400615
0.077	0.787452867478757
0.078	0.7839912894562461
0.079	0.7768812420101252
0.08	0.7734607140579246
0.081	0.7673589667939567
0.082	0.7618777045859848
0.083	0.7579392546106267
0.084	0.750631884290169
0.085	0.7472978722481569
0.08600000000000001	0.7405514763073229
0.08700000000000001	0.7353741246351938
0.088	0.7308707811540054
0.089	0.7235259737777223
0.09	0.7201637101139784
0.091	0.7128500317057995
0.092	0.7080432003342187
0.093	0.7028816490803739
0.094	0.6956769839794006
0.095	0.6921794408117848
0.096	0.6844017457909998
0.097	0.6799610072971354
0.098	0.6741477439442346
0.099	0.6671816228406964
0.1	0.6634383650558093
0.101	0.6553504845094263
0.10200000000000001	0.651222178833996
0.10300000000000001	0.6447360850296812
0.10400000000000001	0.6381473540686338
0.105	0.6340367070749118
0.106	0.6257885786011981
0.107	0.6219194013948842
0.108	0.6148041040744223
0.109	0.6086776687450106
0.11	0.604102464967805
0.111	0.59588350363407
0.112	0.5921625086316069
0.113	0.5845028053675655
0.114	0.5788784068721421
0.115	0.5737572110181524
0.116	0.5657232043949394
0.117	0.5620309184808558
0.11800000000000001	0.5539471958834024
0.11900000000000001	0.548848407910051
0.12	0.5431372247589061
0.121	0.5354382208979155
0.122	0.5316560916668227
0.123	0.5232890456273137
0.124	0.5186659119057895
0.125	0.5123646133060547
0.126	0.5051348306851434
0.127	0.5011350435398766
0.128	0.4926511692299703
0.129	0.4884485726551201
0.13	0.48159006068869414
0.131	0.4749155577585463
0.132	0.4705939444365822
0.133	0.4621700124142442
0.134	0.45828025095961555
0.135	0.45094081670660596
0.136	0.44487908109770186
0.137	0.440157762362302
0.138	0.43196230281985204
0.139	0.428270573083204
0.14	0.4205600928359137
0.14100000000000001	0.41512696045682906
0.14200000000000002	0.40994605325546696
0.14300000000000002	0.4021268473841389
0.14400000000000002	0.39851499268177215
0.145	0.39057037585083365
0.146	0.38574227210051854
0.147	0.3800910477479787
0.148	0.3727875023062895
0.149	0.3691294276671294
0.15	0.36110421393377357
0.151	0.3568242126606707
0.152	0.3507246997552319
0.153	0.34402752655951824
0.154	0.3402138233354586
0.155	0.33228453807965597
0.156	0.32844615215274847
0.157	0.3219680262966532
0.158	0.3159385401481301
0.159	0.31187744847916393
0.16	0.3042041363711155
0.161	0.30070974305882747
0.162	0.29394429824870894
0.163	0.28860276135743024
0.164	0.28424456379777874
0.165	0.2769653424784449
0.166	0.27369622721790643
0.167	0.2667721332090704
0.168	0.26209475704084795
0.169	0.25742228249736065
0.17	0.2506608317929659
0.171	0.2475002178824159
0.17200000000000001	0.2405571624111184
0.17300000000000001	0.23649474339827814
0.17400000000000002	0.23151643815569872
0.17500000000000002	0.2253697568363465
0.176	0.22221853056832377
0.177	0.21540246780470873
0.178	0.21187355755436654
0.179	0.2066478258568792
0.18	0.20116758826539924
0.181	0.1979362962850712
0.182	0.19139159923646054
0.183	0.18830046842302067
0.184	0.18290433048658386
0.185	0.17811102232209292
0.186	0.1747488939543606
0.187	0.16860234033373123
0.188	0.16584260820027438
0.189	0.16037954772471066
0.19	0.15625807808150488
0.191	0.15274200419997658
0.192	0.14709969560361644
0.193	0.1445674138760426
0.194	0.13915917801806055
0.195	0.1356619470523087
0.196	0.13200217295302458
0.197	0.12694198892935316
0.198	0.12454649010089443
0.199	0.11931255398498247
0.2	0.1163703231089594
0.201	0.11260542591385009
0.202	0.10817429671933126
0.203	0.10584309297305063
0.20400000000000001	0.10090214630723782
0.20500000000000002	0.0984307382662447
0.20600000000000002	0.0946263428732134
0.20700000000000002	0.0908353783201641
0.20800000000000002	0.08852102214411196
0.209	0.08397588862990878
0.21	0.0818841679702324
0.211	0.07812413118795923
0.212	0.0749548704562431
0.213	0.07263761537669246
0.214	0.06857038019563363
0.215	0.06677088381267261
0.216	0.06315082889057787
0.217	0.060558882836740865
0.218	0.05824626950158287
0.219	0.05471272269445695
0.22	0.05313072284079534
0.221	0.04974438329536853
0.222	0.04766849700536614
0.223	0.045392587386085106
0.224	0.04242086770645022
0.225	0.040996855885747835
0.226	0.03793461899955281
0.227	0.036299393688226635
0.228	0.03411466750124067
0.229	0.03170259593626312
0.23	0.030401453241525357
0.231	0.027737088678977718
0.232	0.02646558844048399
0.233	0.024439473606239763
0.234	0.02255926611163344
0.23500000000000001	0.02137051642734839
0.23600000000000002	0.0191563584551374
0.23700000000000002	0.018178239712029778
0.23800000000000002	0.01638287585053497
0.23900000000000002	0.01498733445627688
0.24	0.013922957494310847
0.241	0.01218757537828937
0.242	0.011444630265729776
0.243	0.009949862658434531
0.244	0.008978133343079345
0.245	0.008069967119313697
0.246	0.006816745941037053
0.247	0.006268197551890964
0.248	0.00513430600818166
0.249	0.0045190800133517355
0.25	0.0038141110352792086
0.251	0.0030219298776653584
0.252	0.0026480311648308945
0.253	0.0019187424131268127
0.254	0.0015945576800405813
0.255	0.001147785882683779
0.256	0.0007750329295660686
0.257	0.0005774913692441146
0.258	0.00027551967447987744
0.259	0.00018597906949363441
0.26	0.00005278520104160676
0.261	0.00004314175786060822
0.262	0.00004296441365389487
0.263	0.00016802179946290375
0.264	0.0002713376140849051
0.265	0.0005002986313807874
0.266	0.0007894417858530729
0.267	0.00102297980052846
0.268	0.001551893262501188
0.269	0.0018248046891753598
0.27	0.002451087261909483
0.271	0.0029741078465577173
0.272	0.0034872450549182877
0.273	0.0043765562737120844
0.274	0.004815872781013564
0.275	0.005856225630930125
0.276	0.006554711621674381
0.277	0.00739609266462568
0.278	0.008586631141170295
0.279	0.009208449020100101
0.28	0.010658180812787845
0.281	0.011486237631712914
0.28200000000000003	0.012700327559064112
0.28300000000000003	0.014123022072548083
0.28400000000000003	0.014960086468372076
0.28500000000000003	0.016791867684235122
0.28600000000000003	0.01772114374960964
0.28700000000000003	0.01934115429727729
0.28800000000000003	0.020924355816016208
0.289	0.0220209572301724
0.29	0.024186330361161003
0.291	0.025208690660052154
0.292	0.02725058353138773
0.293	0.028927752771280686
0.294	0.030332821753364287
0.295	0.03276672629612071
0.296	0.033893750258897605
0.297	0.036353236074792045
0.298	0.03806873000273048
0.299	0.039829446023987074
0.3	0.042455244334292305
0.301	0.043716140070642416
0.302	0.04656722180774239
0.303	0.048280818268579655
0.304	0.05043693670188689
0.305	0.05317173088723602
0.306	0.05461100431601275
0.307	0.05780485062637457
0.308	0.05949681631168204
0.309	0.06207338161110838
0.31	0.0648353480030633
0.311	0.06650763798724336
0.312	0.06997421800318229
0.313	0.07164793335118211
0.314	0.07464854346248834
0.315	0.07736760905162149
0.316	0.07932557852101721
0.317	0.08298375672007413
0.318	0.0846618838866053
0.319	0.08806769514763285
0.32	0.09068701234980132
0.321	0.09298230196569501
0.322	0.09673778284867517
0.323	0.09846186049109346
0.324	0.10223248719417637
0.325	0.1047158451890047
0.326	0.10738561921438938
0.327	0.11114493724604019
0.328	0.11296731470967941
0.329	0.117039716207651
0.33	0.11937130958735755
0.331	0.12243665559070362
0.332	0.12611321738728087
0.333	0.12809509333253136
0.334	0.1323864822266469
0.335	0.13457663792613112
0.336	0.13803587946351004
0.337	0.14155094431624726
0.338	0.14375403187812003
0.339	0.14816977460516303
0.34	0.15024638935069579
0.341	0.15407609213100848
0.342	0.1573739469489967
0.343	0.15984922227605797
0.34400000000000003	0.1642892642892922
0.34500000000000003	0.16629994259532524
0.34600000000000003	0.1704525516390064
0.34700000000000003	0.17349375743148635
0.34800000000000003	0.17628131285154108
0.34900000000000003	0.18064402155452627
0.35000000000000003	0.18265039878053585
0.35100000000000003	0.18705333432491877
0.352	0.1898287582152438
0.353	0.19294950068005823
0.354	0.19714240248976428
0.355	0.19920735856050603
0.356	0.20377759968075798
0.357	0.2062951467649493
0.358	0.2097450694645006
0.359	0.21369130415947274
0.36	0.21588149451922628
0.361	0.22051581517377022
0.362	0.22281099656268744
0.363	0.2265694311108564
0.364	0.23020786085611536
0.365	0.23257065029629814
0.366	0.23717099459427432
0.367	0.2392910406513494
0.368	0.24330517638762017
0.369	0.24660254509115703
0.37	0.24918574500949586
0.371	0.2536464413480804
0.372	0.25565479466932056
0.373	0.25985674842164896
0.374	0.26279981578028655
0.375	0.2656214348452642
0.376	0.26985477845193995
0.377	0.271810619797191
0.378	0.27611859217948237
0.379	0.2787219325394448
0.38	0.28178330893448456
0.381	0.28571069904927254
0.382	0.2876870745322412
0.383	0.29199844434949174
0.384	0.2942926680373487
0.385	0.29756662820256946
0.386	0.3011400082144528
0.387	0.30317830500848164
0.388	0.3074025307012031
0.389	0.3094375212550702
0.39	0.3128798583029985
0.391	0.3160624460631153
0.392	0.3182102833284373
0.393	0.32225221604842225
0.394	0.32407998541057303
0.395	0.3276321363529285
0.396	0.33041629158326447
0.397	0.33268956728081717
0.398	0.33646838748815044
0.399	0.3381597664950366
0.4	0.3417372409907672
0.401	0.3441375476524339
0.402	0.3465404486117758
0.403	0.3499887176897084
0.404	0.3515947349731226
0.405	0.3551149863691121
0.406	0.35716173450546873
0.40700000000000003	0.35967341311496637
0.40800000000000003	0.36274630716632167
0.40900000000000003	0.3643191260108303
0.41000000000000003	0.3677037298425737
0.41100000000000003	0.369441976282549
0.41200000000000003	0.3720142681513743
0.41300000000000003	0.37468682783360124
0.41400000000000003	0.37626303542694056
0.41500000000000004	0.37942802990699237
0.41600000000000004	0.3809110292050533
0.417	0.3834953039163108
0.418	0.38576550701321205
0.419	0.3873564616033922
0.42	0.3902357836994296
0.421	0.3915196101378126
0.422	0.3940458372749183
0.423	0.3959333561639583
0.424	0.3975354376208522
0.425	0.40007699789272355
0.426	0.40121209417592363
0.427	0.4036108579613736
0.428	0.4051447564124911
0.429	0.40674058822214787
0.43	0.4089155760779277
0.431	0.4099396280561632
0.432	0.41214747213869146
0.433	0.4133670590985856
0.434	0.4149237512828259
0.435	0.4167210535495638
0.436	0.41765282418099164
0.437	0.4196113226012353
0.438	0.42057063674810813
0.439	0.42203513623499445
0.44	0.42346457137799426
0.441	0.42432353393255917
0.442	0.42597598900865585
0.443	0.4267181811722139
0.444	0.428039147206632
0.445	0.42912218453687934
0.446	0.429896233094085
0.447	0.43121418278654466
0.448	0.43178562270098064
0.449	0.432906961309153
0.45	0.433678665095741
0.451	0.4343429217224329
0.452	0.4353248301612643
0.453	0.4357439318167481
0.454	0.43661178849271404
0.455	0.43711839555274334
0.456	0.4376429092720925
0.457	0.4382830108043205
0.458	0.4385749195830908
0.459	0.4391529742790362
0.46	0.4394381216641708
0.461	0.4397797404267255
0.462	0.44010625933567776
0.463	0.4402692272949404
0.464	0.4405282180131598
0.465	0.4406205907645395
0.466	0.4407305904459131
0.467	0.44078739129396144
0.468	0.4407936379719125
0.46900000000000003	0.4407309121616933
0.47000000000000003	0.4406694159331358
0.47100000000000003	0.4405075046858286
0.47200000000000003	0.4403245421166305
0.47300000000000003	0.44015700579554834
0.47400000000000003	0.43978366901751526
0.47500000000000003	0.43958595025246505
0.47600000000000003	0.43912254375952176
0.47700000000000004	0.438745493857023
0.47800000000000004	0.4383615830887221
0.47900000000000004	0.43770540119309653
0.48	0.43737480015980446
0.481	0.4365838302871921
0.482	0.4360593404356182
0.483	0.4354236278735213
0.484	0.4345215590638906
0.485	0.43404578186208803
0.486	0.4329275373618959
0.487	0.43229931896625473
0.488	0.4313550774223199
0.489	0.43025426291781593
0.49	0.4295987619383185
0.491	0.4281771596054148
0.492	0.4274518746289115
0.493	0.4261795418484123
0.494	0.4249325252783823
0.495	0.4240725054507805
0.496	0.42236230561201193
0.497	0.42155664815709937
0.498	0.4199384011100834
0.499	0.41860082105767116
0.5	0.41748329503183834
0.501	0.4155440371687651
0.502	0.4146421716995366
0.503	0.41267382531458935
0.504	0.4112872530000328
0.505	0.4098789598724816
0.506	0.40775038484920234
0.507	0.4067353240122196
0.508	0.40443816207441646
0.509	0.4030373231162146
0.51	0.4012919588638015
0.511	0.39905526217544623
0.512	0.39788297767694375
0.513	0.3952725036315039
0.514	0.3938782369180299
0.515	0.3917836271630964
0.516	0.38949758902583
0.517	0.38813114257379944
0.518	0.38527031156904734
0.519	0.3838769188090666
0.52	0.38140273431226906
0.521	0.37912740886478424
0.522	0.37751718039868154
0.523	0.3744611471168476
0.524	0.37305348597489607
0.525	0.3702244864252654
0.526	0.36800894732991946
0.527	0.3660953065586978
0.528	0.36293073934481
0.529	0.36147642534839663
0.53	0.35830001645584936
0.531	0.3561783260455985
0.532	0.3539418270805396
0.533	0.3507309375233767
0.534	0.34918295560477947
0.535	0.34572255955790837
0.536	0.3437085551797866
0.537	0.34110538463062784
0.538	0.3379321663775992
0.539	0.3362418387107411
0.54	0.33255032117832434
0.541	0.33063898115365414
0.542	0.3276788694750316
0.543	0.32460570179533627
0.544	0.3227086596063194
0.545	0.31886830256016185
0.546	0.31704418311991317
0.547	0.3137228894366416
0.548	0.310808215381028
0.549	0.30866510788798657
0.55	0.30475249422218337
0.551	0.30297111931199194
0.552	0.29933375725598393
0.553	0.29661340824945287
0.554	0.294170811327533
0.555	0.29027915300363305
0.556	0.28849437689850305
0.557	0.2845856912218358
0.558	0.28207449816078983
0.559	0.2793098206868577
0.56	0.2755220619427722
0.561	0.27367245895806824
0.562	0.26956507129211726
0.5630000000000001	0.2672609882144627
0.5640000000000001	0.264167059936988
0.5650000000000001	0.2605562984989034
0.5660000000000001	0.25858106569676476
0.5670000000000001	0.25435853958090354
0.5680000000000001	0.2522372190915567
0.5690000000000001	0.24882976695465386
0.5700000000000001	0.2454502601835476
0.5710000000000001	0.2432975531053807
0.5720000000000001	0.23904775420505187
0.5730000000000001	0.23706910361647054
0.5740000000000001	0.23337662039162266
0.5750000000000001	0.23027300110093776
0.5760000000000001	0.22789704471562122
0.577	0.2237109889104701
0.578	0.221822802643868
0.579	0.21790266307377812
0.58	0.21509059470635014
0.581	0.21246062169683205
0.582	0.2084258221170898
0.583	0.2065661789658204
0.584	0.20248537957496887
0.585	0.19996416643206452
0.586	0.19707103030404233
0.587	0.19326257798126278
0.588	0.19137242234125082
0.589	0.1872135678087519
0.59	0.18495839401206893
0.591	0.18181318810636682
0.592	0.17829016456824376
0.593	0.1763111527354244
0.594	0.17216534332603595
0.595	0.17013690426919276
0.596	0.16676930697983414
0.597	0.16357169518172113
0.598	0.1614616816054483
0.599	0.1574148508158018
0.6	0.15556214164253196
0.601	0.15202174636812
0.602	0.14916664812277355
0.603	0.14689395812500813
0.604	0.14302743220507233
0.605	0.14129239707050006
0.606	0.13764622777915278
0.607	0.1351323427118885
0.608	0.13268487864338344
0.609	0.12907206221815126
0.61	0.1273961701600192
0.611	0.12371724639619484
0.612	0.12152504960500325
0.613	0.11890929117311728
0.614	0.11560464694271046
0.615	0.11393498882720339
0.616	0.11030523372966979
0.617	0.10839702449231159
0.618	0.10563958736375713
0.619	0.1026798701448038
0.62	0.10097309196817106
0.621	0.09747198819531443
0.622	0.09580051163688423
0.623	0.0929458124180423
0.624	0.09034645240637842
0.625	0.08857421958659728
0.626	0.0852747548176126
0.627	0.08378617793847051
0.628	0.08089004606641384
0.629	0.07864898796827276
0.63	0.07679920375515176
0.631	0.07376236551384512
0.632	0.07240514598423976
0.633	0.0695330114294651
0.634	0.0676302303686098
0.635	0.06570730351417023
0.636	0.06297986803925561
0.637	0.061706335725079144
0.638	0.058925749787291745
0.639	0.057327207815127505
0.64	0.05535454391837835
0.641	0.05296404305457874
0.642	0.051736864648038325
0.643	0.0491142502529241
0.644	0.04777704817538404
0.645	0.04579138938493945
0.646	0.04374777522781363
0.647	0.04254309511491639
0.648	0.04013646027074114
0.649	0.039014458737092785
0.65	0.037062810528111494
0.651	0.03535878125854216
0.652	0.03416803886208553
0.653	0.03202331032579163
0.654	0.031072264211902463
0.655	0.02920684360006348
0.656	0.02782132664443272
0.657	0.026650575449933975
0.658	0.02479961158338211
0.659	0.02398090839377098
0.66	0.022254832221568863
0.661	0.021155962747487645
0.662	0.02002492239209198
0.663	0.01848378385726923
0.664	0.01776838124195409
0.665	0.016230991219003375
0.666	0.015380289470047147
0.667	0.014320011672905626
0.668	0.013088542161357795
0.669	0.01245980191848792
0.67	0.011151905615151577
0.671	0.010509406287580821
0.672	0.00955838320840321
0.673	0.008621821225503251
0.674	0.008076801735511575
0.675	0.00702693363581001
0.676	0.006556119949231029
0.677	0.005755419192933902
0.678	0.0050876169452689
0.679	0.004636365538038877
0.68	0.0038588420468331037
0.681	0.0035307276965477977
0.682	0.002919160178956698
0.683	0.002486686847007329
0.684	0.002150046844204245
0.685	0.00164455188785554
0.686	0.0014404484384439218
0.687	0.0010503341239284521
0.6880000000000001	0.0008168946313577378
0.6890000000000001	0.0006233585867955322
0.6900000000000001	0.0003759081005445898
0.6910000000000001	0.00028897245804538767
0.6920000000000001	0.00014258871573498663
0.6930000000000001	0.00007345464232564334
0.6940000000000001	0.00005525076829214493
0.6950000000000001	0.00004040045961350867
0.6960000000000001	0.00007587313690668648
0.6970000000000001	0.00018290482439278527
0.6980000000000001	0.00024906715632993544
0.6990000000000001	0.00043773688398175383
0.7000000000000001	0.0006219733005571172
0.7010000000000001	0.0007959121031096768
0.7020000000000001	0.0011522649687214959
0.7030000000000001	0.001333772216319311
0.704	0.0017557786417410916
0.705	0.002101703025436662
0.706	0.002438359194028146
0.707	0.0030265178163458558
0.708	0.003314556955431806
0.709	0.0039875086098248354
0.71	0.004458231489079994
0.711	0.004986501198771991
0.712	0.0057772487694678154
0.713	0.006174887459340988
0.714	0.007104678431988593
0.715	0.007667987926325272
0.716	0.008417326144323755
0.717	0.00937257737369514
0.718	0.009894204259277579
0.719	0.011073261809892949
0.72	0.011705339783946377
0.721	0.012701369272460199
0.722	0.013777994336242532
0.723	0.014447338548400721
0.724	0.015854203182817366
0.725	0.01654243923495395
0.726	0.017802747829585845
0.727	0.01895714537896362
0.728	0.01980393618985506
0.729	0.021404564856303553
0.73	0.022148822637966845
0.731	0.023679544050965427
0.732	0.02487220104775525
0.733	0.0259279703367057
0.734	0.02767854490174142
0.735	0.028490839334670552
0.736	0.03028478965061949
0.737	0.03148397437248286
0.738	0.03277777214843494
0.739	0.03462824397205384
0.74	0.03553103694222001
0.741	0.037567169649829354
0.742	0.03875176918704009
0.743	0.0403064340910886
0.744	0.04220430638260113
0.745	0.0432281708988424
0.746	0.045471810305942384
0.747	0.04663320295302253
0.748	0.04846185867094021
0.749	0.05035634416507476
0.75	0.05153690579799426
0.751	0.05394111876890458
0.752	0.05508458018517372
0.753	0.05718707138924922
0.754	0.05903370036976255
0.755	0.06040749316309364
0.756	0.06291519942341602
0.757	0.06406090626010146
0.758	0.06642056416735362
0.759	0.06818682851292217
0.76	0.06978455394111316
0.761	0.07233574929886392
0.762	0.07351216607512077
0.763	0.07609963145551457
0.764	0.07776389570991558
0.765	0.07960861770641708
0.766	0.08214392933664877
0.767	0.08338679013424918
0.768	0.08615764154146073
0.769	0.08771506645773973
0.77	0.08981738210593913
0.771	0.09227932943145145
0.772	0.09363008143883401
0.773	0.09652957976684817
0.774	0.09798883582823004
0.775	0.10034483245104096
0.776	0.10268566619705817
0.777	0.10418304753829195
0.778	0.10714698492228263
0.779	0.10853048237198075
0.78	0.11112087951652697
0.781	0.1133056929549063
0.782	0.11498253688352285
0.783	0.11794611981333268
0.784	0.11928582217456177
0.785	0.12207726830146555
0.786	0.1240842128543317
0.787	0.12596667134256906
0.788	0.1288633139967138
0.789	0.130200329475098
0.79	0.13314322340653115
0.791	0.13496962594437706
0.792	0.1370655443738922
0.793	0.13983502451531124
0.794	0.14121253855760085
0.795	0.14424965700932318
0.796	0.14590354883514925
0.797	0.14820963147717403
0.798	0.15080501521682524
0.799	0.15226136952917843
0.8	0.15532946224547256
0.801	0.15683338390288187
0.802	0.1593333518411628
0.803	0.1617167640498109
0.804	0.1632884853029114
0.805	0.16631587919627244
0.806	0.16770549560378953
0.807	0.17036301340811677
0.808	0.1725141032091794
0.809	0.17422599250353948
0.81	0.17715019620468117
0.811	0.17846370868128775
0.812	0.18123252950331326
0.8130000000000001	0.18314762847569757
0.8140000000000001	0.1850105838470843
0.8150000000000001	0.1877734839915258
0.8160000000000001	0.18905626039562756
0.8170000000000001	0.1918765601728258
0.8180000000000001	0.19356542541812152
0.8190000000000001	0.1955775271276622
0.8200000000000001	0.1981330735429691
0.8210000000000001	0.19942360517806154
0.8220000000000001	0.20223623618023714
0.8230000000000001	0.20372131523498807
0.8240000000000001	0.20586136160834922
0.8250000000000001	0.208174201438306
0.8260000000000001	0.20950787424695846
0.8270000000000001	0.212248964571662
0.8280000000000001	0.21356260874698085
0.8290000000000001	0.21580475316786377
0.8300000000000001	0.217856734513269
0.8310000000000001	0.21925255174395358
0.8320000000000001	0.22186290846605242
0.833	0.2230436594899798
0.834	0.2253397329364382
0.835	0.22712891275247127
0.836	0.22860016891107113
0.837	0.2310282719690022
0.838	0.23211514056125712
0.839	0.2344157103694694
0.84	0.23595117495363602
0.841	0.23749368671294147
0.842	0.23970042122581872
0.843	0.24073151690188746
0.844	0.24298236307873752
0.845	0.24428797360053675
0.846	0.24588927607325087
0.847	0.24784439514729756
0.848	0.2488448065064588
0.849	0.25099489144080894
0.85	0.25209542923295025
0.851	0.2537278852052559
0.852	0.2554184624602455
0.853	0.2564117205770992
0.854	0.25840780383238127
0.855	0.25934402164972115
0.856	0.26096767328158355
0.857	0.2623944594147769
0.858	0.26338889567337986
0.859	0.2651899031160301
0.86	0.2659916320093002
0.861	0.26756277556589747
0.862	0.2687404659047985
0.863	0.269733135665205
0.864	0.2713121396835264
0.865	0.2720110627649551
0.866	0.2734893301626031
0.867	0.2744380893363815
0.868	0.2754091117192479
0.869	0.276745090405129
0.87	0.2773668979981699
0.871	0.2787062498763764
0.872	0.27945129241900163
0.873	0.28038183332390254
0.874	0.28147262348165275
0.875	0.28202694745057066
0.876	0.2831934584947031
0.877	0.28377054659263656
0.878	0.28462439018100083
0.879	0.28547432786389254
0.88	0.28596740224148254
0.881	0.2869331127054476
0.882	0.28736899134267846
0.883	0.2881126360713169
0.884	0.2887416006984295
0.885	0.2891676477466147
0.886	0.28991395422956884
0.887	0.29023135075894485
0.888	0.29083046351009534
0.889	0.2912626653036166
0.89	0.2916047985083406
0.891	0.2921277263112199
0.892	0.29234084642358793
0.893	0.2927694433727418
0.894	0.2930311818166944
0.895	0.29326171732031464
0.896	0.29357103560712094
0.897	0.2936926137906964
0.898	0.29392281891786387
0.899	0.29404238386894754
0.9	0.2941375509706359
0.901	0.29424609858100764
0.902	0.2942658782810912
0.903	0.29429065841866386
0.904	0.2942911802805918
0.905	0.2942203751848212
0.906	0.2941581209084691
0.907	0.2940682918168495
0.908	0.29387999302718965
0.909	0.29377897862603464
0.91	0.2935218364029666
0.911	0.2933108402359437
0.912	0.2930881112051916
0.913	0.2927034102014793
0.914	0.29251079190064355
0.915	0.2920441024645825
0.916	0.2917184528475276
0.917	0.2913392107917608
0.918	0.29077421916600216
0.919	0.2904823057749304
0.92	0.2898011953619336
0.921	0.28938640067221855
0.922	0.28882510118714544
0.923	0.28810933445919035
0.924	0.28771208231723594
0.925	0.2868143216229577
0.926	0.2863309586933615
0.927	0.2855606668759774
0.928	0.28472955143169126
0.929	0.2842072524882784
0.93	0.2831083115523549
0.931	0.2825659309839795
0.932	0.2815728473743737
0.933	0.28065967081867677
0.934	0.2799856810921056
0.935	0.2787099794116232
0.936	0.2781119812021917
0.937	0.27688293324266483
0.9380000000000001	0.27592211115146953
0.9390000000000001	0.2750680265463466
0.9400000000000001	0.27364886506321523
0.9410000000000001	0.27298923705837774
0.9420000000000001	0.2715265140817238
0.9430000000000001	0.2705449546071117
0.9440000000000001	0.2694826865756338
0.9450000000000001	0.26796209017689204
0.9460000000000001	0.2672186797268305
0.9470000000000001	0.26553563937941926
0.9480000000000001	0.2645528520891399
0.9490000000000001	0.2632637680670224
0.9500000000000001	0.2616811788249916
0.9510000000000001	0.26082836349994043
0.9520000000000001	0.2589517332247843
0.9530000000000001	0.25797433886504834
0.9540000000000001	0.256443426087313
0.9550000000000001	0.2548461383835837
0.9560000000000001	0.2538495523024087
0.9570000000000001	0.25181772206206193
0.9580000000000001	0.2508470230488903
0.9590000000000001	0.24906456942977773
0.96	0.24748924647984813
0.961	0.2463214166588272
0.962	0.24417721035142695
0.963	0.24319372790580368
0.964	0.24117375556531823
0.965	0.2396513319564659
0.966	0.23827960554774102
0.967	0.2360745316295489
0.968	0.23505726836388388
0.969	0.23281881587335457
0.97	0.23136832206005342
0.971	0.2297678790740084
0.972	0.22755530492476697
0.973	0.22647143093555727
0.974	0.2240498133812423
0.975	0.22267979288561723
0.976	0.2208418728803378
0.977	0.21866965555618875
0.978	0.21748124351237805
0.979	0.2149226493213268
0.98	0.21362803597369745
0.981	0.21154648899934278
0.982	0.20946008419465043
0.983	0.20813319397415878
0.984	0.20548810175818819
0.985	0.2042481705553479
0.986	0.20193544901125351
0.987	0.19996880087362767
0.988	0.19846889227966813
0.989	0.19579698002027812
0.99	0.19458558706738166
0.991	0.19206803430609515
0.992	0.19024244549651492
0.993	0.1885450264082094
0.994	0.18590433759697428
0.995	0.1846876745413309
0.996	0.18200578238324683
0.997	0.18032603934693225
0.998	0.17841469538327517
0.999	0.17586150976660134
1.	0.17459840098864096
1.0010000000000001	0.1717993673854255
1.002	0.1702623694240616
1.0030000000000001	0.16813558911275853
1.004	0.16571657599374554
1.0050000000000001	0.1643673426354185
1.006	0.16150765792130437
1.0070000000000001	0.16009552990733988
1.008	0.1577643593332471
1.0090000000000001	0.15551577004744402
1.01	0.15404598712782658
1.0110000000000001	0.15118754365976486
1.012	0.14986835450366254
1.0130000000000001	0.14736200304031732
1.014	0.14530402933217318
1.0150000000000001	0.1436855463627263
1.016	0.14088910442909408
1.0170000000000001	0.13962898342989014
1.018	0.13698367588995583
1.0190000000000001	0.13512820474936688
1.02	0.13334499585075577
1.0210000000000001	0.13066486914944364
1.022	0.12942404532847984
1.0230000000000001	0.12668937432064703
1.024	0.1250312094544629
1.025	0.12308008119923257
1.026	0.12056514833574954
1.027	0.11930332705711075
1.028	0.11653429361487257
1.029	0.11505445456599142
1.03	0.11294748418040093
1.031	0.11063163465971003
1.032	0.10931300231220346
1.033	0.10656911546541258
1.034	0.10524127898654512
1.035	0.10300033677581225
1.036	0.10090999230031189
1.037	0.09950808687989009
1.038	0.09684608797980884
1.039	0.09563573746621952
1.04	0.09329565017109032
1.041	0.09143827646234189
1.042	0.08993525683229073
1.043	0.08740811363000481
1.044	0.08627640218641504
1.045	0.0838822546681596
1.046	0.08225532563841907
1.047	0.08064680558005542
1.048	0.07829882094668629
1.049	0.07720849650065864
1.05	0.07481065287797939
1.051	0.07339756227751452
1.052	0.07169033480583102
1.053	0.06955570044632017
1.054	0.06847424276739086
1.055	0.06612486316224335
1.056	0.06489921230830095
1.057	0.0631151100631929
1.058	0.06121370299667516
1.059	0.06011465569744962
1.06	0.05786469983439579
1.061	0.05679637088300842
1.062	0.05496404756711223
1.063	0.05330422804343059
1.064	0.0521721569368187
1.065	0.05006643620816301
1.066	0.049121735495433694
1.067	0.047278791782881115
1.068	0.045856369812999676
1.069	0.04468600605426041
1.07	0.04276214384122133
1.071	0.04190772209623899
1.072	0.04009669759150096
1.073	0.038896782400772566
1.074	0.037694169174257275
1.075	0.03597904827256935
1.076	0.035186201512558975
1.077	0.03345031610969721
1.078	0.032450090120888876
1.079	0.03123167747138314
1.08	0.02974048425156496
1.081	0.028987595250258097
1.082	0.027367437317025754
1.083	0.026539315417633606
1.084	0.025329927956991505
1.085	0.024066269919123175
1.086	0.023340599696680158
1.087	0.021870985829075967
1.088	0.021186002535534015
1.089	0.02001615886116886
1.09	0.018973132561387347
1.091	0.018271634643029864
1.092	0.01697913537347074
1.093	0.01641021749670206
1.094	0.015312986170598687
1.095	0.014475153378183425
1.096	0.013804202088047729
1.097	0.012705585433282672
1.098	0.012230389956215431
1.099	0.01123810755764829
1.1	0.010584150222111325
1.101	0.00995826515456536
1.102	0.009059961207628864
1.103	0.008663012497868073
1.104	0.007804192332377424
1.105	0.0073099552271964794
1.106	0.006749696601194586
1.107	0.006048288165534289
1.108	0.005722216711231239
1.109	0.005018958863592754
1.11	0.004660557136712638
1.111	0.004189832983347962
1.112	0.0036734875934652197
1.113	0.0034192647818202977
1.114	0.0028854238554086213
1.115	0.0026420939742198353
1.116	0.0022851743646150917
1.117	0.0019358400689072955
1.118	0.0017620314424719391
1.119	0.0014022926152962528
1.12	0.0012586989402508751
1.121	0.0010372559156018968
1.122	0.0008333696032588787
1.123	0.0007545145341387435
1.124	0.0005644474924270225
1.125	0.0005122145782286019
1.1260000000000001	0.0004427016740205516
1.127	0.00036211163674854465
1.1280000000000001	0.0003964231904914211
1.129	0.00036348414193205803
1.1300000000000001	0.0004018183915900832
1.131	0.0004934538570223198
1.1320000000000001	0.0005162421248842413
1.133	0.0006828877517709427
1.1340000000000001	0.0007882428691156686
1.135	0.0009236016343580414
1.1360000000000001	0.0011771550997559787
1.137	0.0012880623156747068
1.1380000000000001	0.0016043241534247643
1.139	0.0018252851991108281
1.1400000000000001	0.0020701468906616626
1.141	0.002477647423212342
1.1420000000000001	0.002667851425166049
1.143	0.003146470996925216
1.1440000000000001	0.0034592736546866522
1.145	0.003830155397057751
1.1460000000000001	0.004375541929323815
1.147	0.004643610445594141
1.1480000000000001	0.005290601277044198
1.149	0.005673227131630453
1.1500000000000001	0.006188170974470103
1.151	0.006848808112968982
1.1520000000000001	0.007200732195061297
1.153	0.008013894447597831
1.154	0.008448641106702376
1.155	0.009124438539579166
1.156	0.009873331722636247
1.157	0.010321643349544598
1.158	0.011289939780737035
1.159	0.011765464068283549
1.16	0.012614922480072557
1.161	0.013423396025122504
1.162	0.013985468206903794
1.163	0.015089330265060158
1.164	0.015601948412663921
1.165	0.01663149500924838
1.166	0.01747206225500306
1.167	0.018167762579521397
1.168	0.019380298731772393
1.169	0.019934406402862696
1.17	0.021142288502527615
1.171	0.021991411889803872
1.172	0.022840359917767675
1.173	0.02412934520689858
1.174	0.024736912006171764
1.175	0.026112190379894824
1.176	0.026952634361365135
1.177	0.027971361205937368
1.178	0.02930181403363084
1.179	0.02998099594504125
1.18	0.031503445870035625
1.181	0.03232598064027552
1.182	0.03352528644031514
1.183	0.03486239513436702
1.184	0.0356353827028406
1.185	0.03727632427500343
1.186	0.03808060218504263
1.187	0.03946338999645459
1.188	0.04077546515244937
1.189	0.04166581462447786
1.19	0.04338979973156574
1.191	0.04418431031456031
1.192	0.04574412648454209
1.193	0.047005284387167244
1.194	0.04803500004460973
1.195	0.04980223503217959
1.196	0.05060329197639495
1.197	0.05232367058679493
1.198	0.05351610196298053
1.199	0.05470279817200242
1.2	0.05647172469517919
1.201	0.05730224353506205
1.202	0.059156514884178585
1.203	0.06027229760067029
1.204	0.06162597812680603
1.205	0.06335779573141104
1.206	0.0642424605654009
1.207	0.06619783348388583
1.208	0.06723665639787324
1.209	0.068760004075292
1.21	0.0704194732063297
1.211	0.07138490530808522
1.212	0.07339960621048715
1.213	0.07437429629351339
1.214	0.07605731754166445
1.215	0.07761643249585021
1.216	0.0786878562320068
1.217	0.08071823927551222
1.218	0.08164471695358325
1.219	0.08347032340219704
1.22	0.08491052280730284
1.221	0.08610541946883986
1.222	0.08810788559707274
1.223	0.0890119607599598
1.224	0.09095112172647869
1.225	0.09226330312086242
1.226	0.0935929606916085
1.227	0.09552476194749855
1.228	0.09643370192518247
1.229	0.09845228604517559
1.23	0.09963771291110032
1.231	0.1011043377868447
1.232	0.1029295779517138
1.233	0.10387071190962699
1.234	0.10592484398288611
1.235	0.1069951311252907
1.236	0.10859123219173138
1.237	0.11028081923457146
1.238	0.11127952893162124
1.239	0.11332666831474698
1.24	0.11430024173840994
1.241	0.11600683491146407
1.242	0.11754161163375004
1.243	0.11861689378067541
1.244	0.12061136742861454
1.245	0.12151185500749266
1.246	0.12330294878951156
1.247	0.12467505379534453
1.248	0.12583840878029867
1.249	0.12774034366774983
1.25	0.12859573277691802
1.2510000000000001	0.1304354156341247
1.252	0.1316471232617089
1.2530000000000001	0.13290201456590972
1.254	0.13467555212688045
1.2550000000000001	0.13551245891558758
1.256	0.13736232023613895
1.2570000000000001	0.1384227957563199
1.258	0.13976086421778236
1.2590000000000001	0.14138151352575534
1.26	0.14222406994975748
1.2610000000000001	0.1440422990291791
1.262	0.1449697606261094
1.2630000000000001	0.1463765624660065
1.264	0.14782513726932378
1.2650000000000001	0.14869293824238128
1.266	0.1504390320438836
1.2670000000000001	0.15125703524513448
1.268	0.15270586220375187
1.2690000000000001	0.15397663324515254
1.27	0.15487776046369403
1.2710000000000001	0.1565178191870838
1.272	0.15725038325697904
1.2730000000000001	0.15871197544344653
1.274	0.15980475531647106
1.2750000000000001	0.16074492042430635
1.276	0.16224656469358123
1.2770000000000001	0.16291781696272833
1.278	0.16435906882933507
1.2790000000000001	0.16528650761775543
1.28	0.16625760214756605
1.281	0.16759987399870824
1.282	0.1682303351326296
1.283	0.16961581929915018
1.284	0.17039321656678097
1.285	0.17138060869680835
1.286	0.1725518288678625
1.287	0.17315771169981997
1.288	0.17445409445944166
1.289	0.1751019149514403
1.29	0.17608530277168508
1.291	0.17708061625912577
1.292	0.17767309760422836
1.293	0.17885006636102416
1.294	0.17939133954702174
1.295	0.18034513909020086
1.296	0.1811701266684372
1.297	0.18174736146042514
1.298	0.1827834548176779
1.299	0.18323977659511773
1.3	0.18413703845858434
1.301	0.18480085568828092
1.302	0.18535562744101225
1.303	0.18623919867795316
1.304	0.18662550185560134
1.305	0.18743654703859364
1.306	0.18795603731841345
1.307	0.18847958236987358
1.308	0.18920157012789104
1.309	0.18952621434987454
1.31	0.19023308183600143
1.311	0.19062794715535286
1.312	0.1910938828678044
1.313	0.19165944021435585
1.314	0.1919325736470558
1.315	0.19250955447656787
1.316	0.1927960663031318
1.317	0.1931926909595852
1.318	0.1936081071202965
1.319	0.19382097683988164
1.32	0.19426189671081942
1.321	0.19445777562860314
1.322	0.19475600987759611
1.323	0.19503776850310442
1.324	0.1951878480497336
1.325	0.1954825453100185
1.326	0.19559750098869325
1.327	0.19578538317676664
1.328	0.19594874103821353
1.329	0.1960162036440551
1.33	0.19617244431465644
1.331	0.19621511328843183
1.332	0.19627093597349068
1.333	0.19633395591130212
1.334	0.1963098066777407
1.335	0.196332050770097
1.336	0.19629788440466173
1.337	0.1962215730086625
1.338	0.19619918623072533
1.339	0.19605745598827154
1.34	0.19596560125421547
1.341	0.19585251452696611
1.342	0.19563599389277372
1.343	0.19553863116093334
1.344	0.19527212085707904
1.345	0.19508172049776165
1.346	0.1948720714927467
1.347	0.1945268902969826
1.348	0.1943628601191958
1.349	0.19395220878720898
1.35	0.1936848925197134
1.351	0.1933693858817252
1.352	0.19290254773200238
1.353	0.19267012506734563
1.354	0.19211640250283218
1.355	0.19178945184671053
1.356	0.19134345614489237
1.357	0.19077832479612797
1.358	0.19047568542032056
1.359	0.1897721078394781
1.36	0.18939872420654635
1.361	0.18881575511755935
1.362	0.18817009019973738
1.363	0.18778020712714746
1.364	0.186944575594313
1.365	0.1865338836289446
1.366	0.1857933677681513
1.367	0.18509453696170827
1.368	0.1846062828366026
1.369	0.18364760896666188
1.37	0.18320140126793433
1.371	0.18230272176006954
1.372	0.18157466974008163
1.373	0.18096359826429823
1.374	0.17990661919452908
1.375	0.1794240219232756
1.3760000000000001	0.17836339334961063
1.377	0.17762328118468262
1.3780000000000001	0.1768764422491212
1.379	0.17574644803392386
1.3800000000000001	0.17521390602284465
1.381	0.17400220885843107
1.3820000000000001	0.1732659732279593
1.383	0.17236437817301348
1.3840000000000001	0.17119478189758927
1.385	0.17059362782091564
1.3860000000000001	0.1692459145518864
1.387	0.16852381390777074
1.3880000000000001	0.16745550993139327
1.389	0.16627518808377217
1.3900000000000001	0.16558702816005422
1.391	0.1641282365392347
1.3920000000000001	0.16341764504480258
1.393	0.16217943985341862
1.3940000000000001	0.16101730674262743
1.395	0.16021977364250795
1.3960000000000001	0.1586802380636221
1.397	0.15797291364429236
1.3980000000000001	0.15657203561621263
1.399	0.1554469428979296
1.4000000000000001	0.15451774372390856
1.401	0.15293368973032656
1.4020000000000001	0.15221461469827308
1.403	0.15066101682187338
1.4040000000000001	0.14959283594888123
1.405	0.1485162229454022
1.4060000000000001	0.1469218115258212
1.407	0.14617139673323448
1.408	0.14448790702502706
1.409	0.14348300455882118
1.41	0.14224868899196474
1.411	0.14068002786495032
1.412	0.13987369013101772
1.413	0.13809173972995023
1.414	0.13714762552321497
1.415	0.13575335178552153
1.416	0.13423984244721793
1.417	0.133356238053561
1.418	0.1315079382229979
1.419	0.13061753738577914
1.42	0.12906645349989837
1.421	0.12763691328627882
1.422	0.12664778748187275
1.423	0.12477536778621857
1.424	0.12392271073976618
1.425	0.12222883326300847
1.426	0.12090045988661098
1.427	0.11978911645633411
1.428	0.11793081955616183
1.429	0.11709316877273217
1.43	0.1152820105840794
1.431	0.11406345251164829
1.432	0.11281882634221904
1.433	0.11101276688531311
1.434	0.1101635736503015
1.435	0.10826719595698178
1.436	0.10715639216304669
1.437	0.10577445048495025
1.438	0.10405574866104918
1.439	0.10316846738246375
1.44	0.10122312827738637
1.441	0.10021365117267658
1.442	0.09869755611892257
1.443	0.09709395912214766
1.444	0.09614493871561107
1.445	0.09419150393897109
1.446	0.09326556578150169
1.447	0.09163116764917402
1.448	0.09016041052229215
1.449	0.08912956168548195
1.45	0.08720889507583517
1.451	0.08634339593455659
1.452	0.08461343878408159
1.453	0.08328616778010149
1.454	0.08216080882381617
1.455	0.08031183102012845
1.456	0.07948244683839265
1.457	0.07768696580217184
1.458	0.07650358168421649
1.459	0.07527787271320265
1.46	0.07353433545649646
1.461	0.07271411850008051
1.462	0.0708896266637562
1.463	0.06984266888669935
1.464	0.06852013587991032
1.465	0.06690787756517719
1.466	0.06607454714497073
1.467	0.06425847414581091
1.468	0.06333108818700274
1.469	0.06192548172540795
1.47	0.06046413452446384
1.471	0.059596763401272436
1.472	0.057827241639983804
1.473	0.05700078696968935
1.474	0.05553040834136611
1.475	0.0542311656895001
1.476	0.05331579389406907
1.477	0.05162970702002999
1.478	0.050878464426971706
1.479	0.04937246208991438
1.48	0.04823423951356275
1.481	0.0472667373881851
1.482	0.045693598495628505
1.483	0.04499502849637451
1.484	0.04348348522421676
1.485	0.042500160216687795
1.486	0.04148218121723592
1.487	0.04004633454653442
1.488	0.039378798726742485
1.489	0.03789459780143528
1.49	0.03705276021818709
1.491	0.035994437910976645
1.492	0.0347119892409174
1.493	0.03405809298546914
1.494	0.03263370968719218
1.495	0.03191528837016312
1.496	0.030833567597721722
1.497	0.029712415589879457
1.498	0.02906050934023453
1.499	0.027725504842538887
1.5	0.02711023209456072
1.5010000000000001	0.026027202616156483
1.502	0.025067388054291765
1.5030000000000001	0.02441249702382526
1.504	0.023191521943896166
1.5050000000000001	0.022659283689708504
1.506	0.02160013043717708
1.5070000000000001	0.020794861185280462
1.508	0.02013890249999279
1.5090000000000001	0.019050245383270895
1.51	0.01858325097019789
1.5110000000000001	0.017573979064935498
1.512	0.01691121850380879
1.5130000000000001	0.016262495304586906
1.514	0.015317296496608793
1.5150000000000001	0.01490184817487374
1.516	0.013967025435700596
1.5170000000000001	0.01343146316919672
1.518	0.012803512269318605
1.5190000000000001	0.012005694592224128
1.52	0.011633379680822717
1.5210000000000001	0.010794134494118614
1.522	0.010369324547909974
1.5230000000000001	0.009779258408326615
1.524	0.009126152002770276
1.5250000000000001	0.008794376732446497
1.526	0.008066824488980889
1.5270000000000001	0.007737264911749981
1.528	0.007203798153792567
1.5290000000000001	0.0066873657309584455
1.53	0.006399199866821391
1.5310000000000001	0.005793442527149515
1.532	0.00554638205424918
1.5330000000000001	0.005087744265130106
1.534	0.004696270423264326
1.5350000000000001	0.004459641623854312
1.536	0.003979424717964388
1.537	0.0038062154711711233
1.538	0.0034381819953993786
1.539	0.003158223124682299
1.54	0.0029845666047129678
1.541	0.0026276093459281892
1.542	0.0025244747027160447
1.543	0.0022587258789868404
1.544	0.0020770989238683784
1.545	0.0019796228154009363
1.546	0.0017385634055230531
1.547	0.001706717380052935
1.548	0.0015496930393760616
1.549	0.001455287284139255
1.55	0.0014470516977195002
1.551	0.001310889159491005
1.552	0.001356010567367332
1.553	0.0013083721637759513
1.554	0.0012935906222046958
1.555	0.0013856149944002894
1.556	0.001341483925434198
1.557	0.001472611552072157
1.558	0.0015293589673495873
1.559	0.0015910390577350692
1.56	0.0017906455746926522
1.561	0.0018257222417117252
1.562	0.002053703075814262
1.563	0.002204923668115746
1.564	0.0023446435839755493
1.565	0.0026542176873988847
1.566	0.002757544229396232
1.567	0.003093213277618365
1.568	0.0033253742430795603
1.569	0.0035491194122503956
1.57	0.003965420992490403
1.571	0.004129445540046514
1.572	0.004581744863869478
1.573	0.004879381181462501
1.574	0.005196612286981556
1.575	0.005710713268863624
1.576	0.005932375729464454
1.577	0.006506627971973225
1.578	0.006854234862662597
1.579	0.00727646202377703
1.58	0.007874319847838901
1.581	0.008155562534874976
1.582	0.00885209174721274
1.583	0.009236014986953455
1.584	0.00977503552329157
1.585	0.01043864530723333
1.586	0.010786288277359493
1.587	0.011599546455852542
1.588	0.0120096618101849
1.589	0.012675655280006835
1.59	0.013384670649227472
1.591	0.013809650581502585
1.592	0.01472795470297022
1.593	0.015158950215136567
1.594	0.0159586404825211
1.595	0.016692289962863795
1.596	0.01720834220464434
1.597	0.018214262612813004
1.598	0.018666378802897766
1.599	0.019601467111543903
1.6	0.020340561765797814
1.601	0.02096248374751056
1.602	0.022033856756951666
1.603	0.02251300490188675
1.604	0.023579042073767386
1.605	0.02430786510476147
1.606	0.02504953849249052
1.607	0.026161010823710452
1.608	0.026678254756534587
1.609	0.0278640755172867
1.61	0.028571953410049755
1.611	0.029444331055261005
1.612	0.030569287845407314
1.613	0.0311397122985884
1.614	0.03242752615688651
1.615	0.033109912479782996
1.616	0.034119184599572396
1.617	0.03523186903641013
1.618	0.03587294730227327
1.619	0.03723908763099057
1.62	0.03789803951578589
1.621	0.03904420045586643
1.622	0.04012178840023468
1.623	0.04085141035872589
1.624	0.04226768029473482
1.625	0.04291166885897422
1.6260000000000001	0.044187618924819295
1.627	0.04521206240630877
1.6280000000000001	0.04604641912887793
1.629	0.04748191288691365
1.6300000000000001	0.048124976116169484
1.631	0.04951630009700606
1.6320000000000001	0.05047562997863695
1.633	0.05142737323670662
1.6340000000000001	0.05285052948373923
1.635	0.05351068516759478
1.6360000000000001	0.05499654909335434
1.637	0.05588517256105601
1.6380000000000001	0.056962114408240686
1.639	0.05834226086004599
1.6400000000000001	0.059041038396954446
1.641	0.06059246598862703
1.6420000000000001	0.061414977047767404
1.643	0.06261521778221489
1.6440000000000001	0.06392819670029112
1.645	0.06468448545017484
1.6460000000000001	0.0662713225798221
1.647	0.06703582150362605
1.6480000000000001	0.06835276090408417
1.649	0.06957787868295272
1.6500000000000001	0.07040995451204433
1.651	0.07199905178895401
1.6520000000000001	0.07271954577403343
1.653	0.07413907739775584
1.6540000000000001	0.07526361844855184
1.655	0.07618436987455607
1.6560000000000001	0.07774123260290622
1.657	0.07843895637817304
1.6580000000000001	0.07993785867878443
1.659	0.08095563903424872
1.6600000000000001	0.08197395895385041
1.661	0.08346761195311966
1.6620000000000001	0.08416312680454754
1.663	0.0857129682117754
1.6640000000000001	0.08662719955244243
1.665	0.0877443563214803
1.666	0.08914736790688348
1.667	0.089861784284919
1.668	0.09143103403834076
1.669	0.0922502246539746
1.67	0.09345866188806487
1.671	0.0947524460695041
1.672	0.09550452351055135
1.673	0.09705957594653677
1.674	0.09779923596427842
1.675	0.09908468600732488
1.676	0.10025319501489574
1.677	0.10105768957429487
1.678	0.10256570741538161
1.679	0.10324441408080687
1.68	0.10458625765006989
1.681	0.10562491188666795
1.682	0.1064898946464794
1.683	0.1079206951336482
1.684	0.10855913190563134
1.685	0.10993111987586016
1.686	0.11084240643068123
1.687	0.11177018865902096
1.688	0.11309724924290836
1.689	0.11371624148154255
1.69	0.11508856072890701
1.691	0.11588154433119494
1.692	0.11686411886520562
1.693	0.11807080877131845
1.694	0.11868859943148873
1.695	0.1200301361563426
1.696	0.12071663445581253
1.697	0.12174436563293145
1.698	0.12281564152684002
1.699	0.12344570199316494
1.7	0.12472728676232152
1.701	0.12532655219088787
1.702	0.12638044399241197
1.703	0.1273139424437522
1.704	0.1279638248780653
1.705	0.1291587500244202
1.706	0.1296899165534366
1.707	0.13074446820916188
1.708	0.13154166372693377
1.709	0.1322122887670882
1.71	0.13329995431670608
1.711	0.13378159294198505
1.712	0.13481261554315535
1.713	0.1354822163669084
1.714	0.13616960029764688
1.715	0.1371327029337235
1.716	0.13757995496246228
1.717	0.13856154976244892
1.718	0.13911791190406894
1.719	0.13980844154859828
1.72	0.14064118630052372
1.721	0.14106420806429631
1.722	0.14197501114396532
1.723	0.1424320892573116
1.724	0.14311192127302427
1.725	0.14381060591834277
1.726	0.14421567193689783
1.727	0.1450328870159157
1.728	0.14540733775538786
1.729	0.14605829705804213
1.73	0.14662710110433963
1.731	0.1470162912640293
1.732	0.14772323419332534
1.733	0.14803145831978573
1.734	0.1486326947447164
1.735	0.1490821023697707
1.736	0.14944609981193513
1.737	0.1500353802624386
1.738	0.15028755555925946
1.739	0.15081933385375657
1.74	0.15116173086777887
1.741	0.15149342939015253
1.742	0.15196120662294565
1.743	0.15216647230431518
1.744	0.15260924257238298
1.745	0.15285893018958205
1.746	0.15314230369100454
1.747	0.15349341282056203
1.748	0.15365228561195268
1.749	0.1539971812938132
1.75	0.1541671097261421
1.7510000000000001	0.15438757051178273
1.752	0.15462719277937909
1.7530000000000001	0.1547413213312818
1.754	0.15497677570841673
1.7550000000000001	0.15507952421786494
1.756	0.15522297611561922
1.7570000000000001	0.15536433294940008
1.758	0.155421298657673
1.7590000000000001	0.15554830091875907
1.76	0.15559154733543892
1.7610000000000001	0.15564188328433792
1.762	0.1556978098378128
1.7630000000000001	0.15568856597555475
1.764	0.1557107157704577
1.7650000000000001	0.15569832522106397
1.766	0.15564694351282896
1.7670000000000001	0.15563143241846342
1.768	0.15554287092289903
1.7690000000000001	0.15546747530667335
1.77	0.1553966284160862
1.7710000000000001	0.15523983460332158
1.772	0.1551646063876782
1.7730000000000001	0.1549855635436117
1.774	0.15482604547727302
1.7750000000000001	0.1546906705330213
1.776	0.1544258826819559
1.7770000000000001	0.15429966223526426
1.778	0.1540183998742367
1.7790000000000001	0.15378991128469977
1.78	0.15358285700611876
1.7810000000000001	0.1532164671663962
1.782	0.1530431953639374
1.7830000000000001	0.15264813461943175
1.784	0.15236893616405067
1.7850000000000001	0.15207405691716105
1.786	0.1516190466168961
1.7870000000000001	0.1513979143471842
1.788	0.15088849386615222
1.7890000000000001	0.15056875869971945
1.79	0.15017321004639855
1.7910000000000001	0.149646367980899
1.792	0.14937136224422923
1.793	0.14874636257057172
1.794	0.1483993854005391
1.795	0.14789207910101315
1.796	0.1473104955000006
1.797	0.14697235442954334
1.798	0.1462406438083875
1.799	0.1458731502616077
1.8	0.14524374092940712
1.801	0.1446275968740451
1.802	0.1442126607946228
1.803	0.1433893156841736
1.804	0.14300157956551887
1.805	0.14224554774337778
1.806	0.14161318333461984
1.807	0.14110502525359875
1.808	0.14020818959558995
1.809	0.1397957809941176
1.81	0.13891560346035423
1.811	0.13828122431913958
1.812	0.13766701108566845
1.813	0.13671845584179665
1.814	0.13627172440102456
1.815	0.13527385541350528
1.816	0.13465120016621948
1.817	0.1339165512926443
1.818	0.13294053666869118
1.819	0.13244719715033193
1.82	0.13134381076926982
1.821	0.1307367701233542
1.822	0.1298748922140456
1.823	0.12889637855477115
1.824	0.12833914795990267
1.825	0.12715027700082512
1.826	0.12656166500076804
1.827	0.12556589364491888
1.828	0.1246081962011455
1.829	0.12396706084520041
1.83	0.12271776048511279
1.831	0.1221384591685285
1.832	0.1210160706959629
1.833	0.1200950388404435
1.834	0.11935434528369632
1.835	0.11807346449471756
1.836	0.11749001588040518
1.837	0.11625073776558595
1.838	0.11538008370146607
1.839	0.11452553040026152
1.84	0.11324178833386875
1.841	0.11263913747958414
1.842	0.11129948582492193
1.843	0.11048610427505991
1.844	0.10950944152785924
1.845	0.10825033468652008
1.846	0.10760881322452341
1.847	0.10619286968903614
1.848	0.10543363053120393
1.849	0.10433190815551156
1.85	0.10312355883280155
1.851	0.10242251869865455
1.852	0.10095806933031516
1.853	0.10024641358391716
1.854	0.09902459269240418
1.855	0.09788544371286857
1.856	0.09710659341800143
1.857	0.09562610102213417
1.858	0.09494767331339965
1.859	0.09361724997655041
1.86	0.09256241298781398
1.861	0.09169036068817005
1.862	0.09022572919945326
1.863	0.08956222099017348
1.864	0.08814265090770818
1.865	0.08717834429357432
1.866	0.086203524414096
1.867	0.08478297756141624
1.868	0.08411376283611893
1.869	0.0826296341262667
1.87	0.08175516289864768
1.871	0.08067444451802477
1.872	0.07932665737272562
1.873	0.07863013204878812
1.874	0.07711109803950804
1.875	0.0763181968510783
1.8760000000000001	0.07513560839569296
1.877	0.07388147590924647
1.8780000000000001	0.07313797979634036
1.879	0.07161636652376106
1.8800000000000001	0.07089134406109769
1.881	0.06961728453048659
1.8820000000000001	0.06847172586986966
1.883	0.06766653726250421
1.8840000000000001	0.0661735526063893
1.885	0.06549763529157222
1.8860000000000001	0.06415249157210527
1.887	0.06312157074154096
1.8880000000000001	0.062243240011371444
1.889	0.060810182297471926
1.8900000000000001	0.06016288533608694
1.891	0.05876999952855263
1.8920000000000001	0.05785399457855333
1.893	0.05689844380413921
1.8940000000000001	0.05555128334886108
1.895	0.054912235004586904
1.8960000000000001	0.05349905784560365
1.897	0.052691417513146634
1.8980000000000001	0.05166076549939458
1.899	0.05042160288145486
1.9000000000000001	0.04976978195809718
1.901	0.04836824861367937
1.9020000000000001	0.04765434358468638
1.903	0.046560266553247756
1.9040000000000001	0.04544200757510915
1.905	0.04476280004101511
1.9060000000000001	0.0434023805153416
1.907	0.04276531677661607
1.9080000000000001	0.04162434514422944
1.909	0.040633558282785774
1.9100000000000001	0.03991676546401927
1.911	0.038625211275573786
1.9120000000000001	0.038045733497568256
1.913	0.03687946937908206
1.9140000000000001	0.036015736848944054
1.915	0.035257183180628045
1.9160000000000001	0.034058163970720395
1.917	0.033516946800694725
1.9180000000000001	0.032350330472882514
1.919	0.0316068830683359
1.92	0.030808882727736922
1.921	0.029720595142333325
1.922	0.029200141426905697
1.923	0.02805951027703091
1.924	0.0274244548912528
1.925	0.02659559196081634
1.926	0.025629869831142255
1.927	0.025116186209172452
1.928	0.024027260210838005
1.929	0.023485205519248573
1.93	0.0226395199229847
1.931	0.02180149154850006
1.932	0.02128539823533266
1.933	0.0202714128136447
1.934	0.019805295827418315
1.935	0.018960968971181647
1.936	0.018249333302941675
1.937	0.01772723509096585
1.938	0.016807320773793363
1.939	0.01640032457659798
1.94	0.015578010625341816
1.941	0.014985880438585591
1.942	0.014459939019758488
1.943	0.013647914054254601
1.944	0.013285267921322837
1.945	0.012506255697598952
1.946	0.012022452693945829
1.947	0.011500161947764652
1.948	0.01080387463785054
1.949	0.010474329519840193
1.95	0.009758664485475523
1.951	0.009369377951531588
1.952	0.00886260737488639
1.953	0.008283868509224225
1.954	0.00798071213410422
1.955	0.007345494846513879
1.956	0.007036096123365592
1.957	0.006559714504048837
1.958	0.006094805331181372
1.959	0.005816330032530419
1.96	0.005274371549043086
1.961	0.005031179674470571
1.962	0.004601379093016519
1.963	0.004242095161741803
1.964	0.003991491210526899
1.965	0.0035504455407560156
1.966	0.0033622666067145753
1.967	0.002994793714842608
1.968	0.002729873123955358
1.969	0.002514569770314912
1.97	0.00217662241263513
1.971	0.0020359114031235446
1.972	0.0017443967698007453
1.973	0.001561167391971189
1.974	0.0013916955441676036
1.975	0.0011538335595211685
1.976	0.00105736957710184
1.977	0.0008519240219900618
1.978	0.0007379927250709078
1.979	0.0006265189486430661
1.98	0.0004813204346751183
1.981	0.0004303321700606877
1.982	0.00031655496375600483
1.983	0.000261360379627569
1.984	0.00022005634642263363
1.985	0.0001569021834236301
1.986	0.0001566458245365473
1.987	0.0001351376591916418
1.988	0.00013120480370037597
1.989	0.00017062862503232866
1.99	0.0001771998059399983
1.991	0.00023605392885020501
1.992	0.000302468779657346
1.993	0.00034623788709842315
1.994	0.0004738996571125992
1.995	0.0005377955715714196
1.996	0.0006659782914086653
1.997	0.0008116009973727894
1.998	0.0009037537469415831
1.999	0.0011230118961382315
2.	0.0012333209033925812