0.	1.
0.001	0.9999706937748829
0.002	0.999720678934196
0.003	0.9988349340787611
0.004	0.9968380263748499
0.005	0.993411421626811
0.006	0.9885942933091825
0.007	0.9828466678627001
0.008	0.9769666682202406
0.009000000000000001	0.9718609401797881
0.01	0.9682415308968709
0.011	0.9663442076739029
0.012	0.965754709575111
0.013000000000000001	0.965444480344173
0.014	0.964001328198049
0.015	0.9600033357290017
0.016	0.9524832722458707
0.017	0.9412125158472364
0.018000000000000002	0.9269260697971783
0.019	0.9111750597779759
0.02	0.8959617469261413
0.021	0.8832395221298504
0.022	0.8743178609760182
0.023	0.8694867771024534
0.024	0.8678051939244953
0.025	0.8673324674118398
0.026000000000000002	0.8655488769640249
0.027	0.8600367325304314
0.028	0.8491699525382848
0.029	0.8325765295488529
0.03	0.811315848444691
0.031	0.7876964707784334
0.032	0.7646911398889351
0.033	0.7451490921447642
0.034	0.731071039476311
0.035	0.7230010925431085
0.036000000000000004	0.7198480098063632
0.037	0.719117947704736
0.038	0.7175428100298461
0.039	0.7119287099667745
0.04	0.7000138970748284
0.041	0.6810966885590173
0.042	0.6562619231090999
0.043000000000000003	0.6281360569348288
0.044	0.6002375825702301
0.045	0.576014077532854
0.046	0.5580115301791932
0.047	0.5471401712079494
0.048	0.5424335613569927
0.049	0.5412868416955074
0.05	0.5401367149186981
0.051000000000000004	0.5353893137130378
0.052000000000000005	0.5243770545360924
0.053	0.506048288285301
0.054	0.4812732018298831
0.055	0.45259407543414154
0.056	0.42356206459149554
0.057	0.3978266846680646
0.058	0.37816194819865034
0.059000000000000004	0.365756341041911
0.06	0.3599279324921076
0.061	0.35832882299880964
0.062	0.3575720824677145
0.063	0.3541421732225019
0.064	0.3453269385094218
0.065	0.3298938881333339
0.066	0.30840196713558543
0.067	0.28301082595936317
0.068	0.2568825371297292
0.069	0.23333315728515305
0.07	0.21496677767198877
0.07100000000000001	0.2030199483957371
0.07200000000000001	0.19708782621268853
0.073	0.19528838257304587
0.074	0.19481219854857898
0.075	0.19269532147803092
0.076	0.1866080654684939
0.077	0.17543336365571469
0.078	0.15951339696170047
0.079	0.14048552327057726
0.08	0.12079019104631308
0.081	0.10298684643723985
0.082	0.08907320608953392
0.083	0.0799921392550037
0.084	0.07544961843650216
0.085	0.07407883622588492
0.08600000000000001	0.07387831078948179
0.08700000000000001	0.0727976134161655
0.088	0.06929810820937381
0.089	0.06273078980978496
0.09	0.05343987929828855
0.091	0.04258398267519451
0.092	0.031744051043353184
0.093	0.022439325042582052
0.094	0.01570335754540179
0.095	0.011835800401569264
0.096	0.01039122917245328
0.097	0.010391294047650249
0.098	0.010680462322477817
0.099	0.010306660496612746
0.1	0.00880687312508501
0.101	0.006313229919460635
0.10200000000000001	0.0034555200804887646
0.10300000000000001	0.001101607121166594
0.10400000000000001	0.000028468014561563285
0.105	0.0006355183011703652
0.106	0.002797485287102289
0.107	0.0059056386760202905
0.108	0.009084172697208823
0.109	0.011510493714648668
0.11	0.012730269158656281
0.111	0.012861811846803364
0.112	0.01261036808259704
0.113	0.013081767766490511
0.114	0.01544147234905878
0.115	0.020524371498747213
0.116	0.028518861888026915
0.117	0.038832666248916174
0.11800000000000001	0.050196326993532124
0.11900000000000001	0.06099045373121344
0.12	0.06970880034496382
0.121	0.07542371952489964
0.122	0.07811522736751407
0.123	0.07875496840741492
0.124	0.07909616670040853
0.125	0.08122125577346191
0.126	0.08696543601544775
0.127	0.09737101254014079
0.128	0.11233560369611185
0.129	0.13056782422701618
0.13	0.14987723925017216
0.131	0.16773308468553125
0.132	0.1819464603665759
0.133	0.19128949138275667
0.134	0.19587636021909355
0.135	0.19718577914651783
0.136	0.19771055924158756
0.137	0.20031613716768834
0.138	0.2074696071397062
0.139	0.22055547536977857
0.14	0.23946579989411235
0.14100000000000001	0.26259013510775375
0.14200000000000002	0.28719170522681003
0.14300000000000002	0.3101221000391527
0.14400000000000002	0.3286455474087956
0.145	0.3411737663423438
0.146	0.34770826928101767
0.147	0.34985938335919986
0.148	0.35043685016840587
0.149	0.35271720819853786
0.15	0.35957682708200883
0.151	0.3727280157775007
0.152	0.39225659174694383
0.153	0.41657877699021584
0.154	0.44287288310785494
0.155	0.46779996237199756
0.156	0.4883744398953141
0.157	0.5027583431018994
0.158	0.5107311615291389
0.159	0.513710166507455
0.16	0.5143813805835471
0.161	0.5159738588021445
0.162	0.5214076832232079
0.163	0.5325333294049367
0.164	0.5496651379325862
0.165	0.5715264903485828
0.166	0.5956121480403492
0.167	0.6188664697487652
0.168	0.638486617513334
0.169	0.6526408180330461
0.17	0.6609183228460821
0.171	0.6643584663260974
0.17200000000000001	0.6651664633715308
0.17300000000000001	0.6660702784691169
0.17400000000000002	0.6695959979015158
0.17500000000000002	0.6774211476132561
0.176	0.6899720841623157
0.177	0.7063781793124116
0.178	0.7247574083395643
0.179	0.7427560031991396
0.18	0.7581833220553345
0.181	0.7695674424343967
0.182	0.7764876918900804
0.183	0.7796124898750374
0.184	0.7804457041981905
0.185	0.7808608661809006
0.186	0.7825847054007339
0.187	0.7867537424272736
0.188	0.7936709828754672
0.189	0.8028033742492403
0.19	0.8130094568257245
0.191	0.8229255509912847
0.192	0.8313023475650948
0.193	0.8374017151439931
0.194	0.8410962376766974
0.195	0.842805755800883
0.196	0.8432946609155078
0.197	0.8434179344547067
0.198	0.8438173417894631
0.199	0.8447572900415526
0.2	0.8461358319969552
0.201	0.8475506682429927
0.202	0.848554470836631
0.203	0.848811795263421
0.20400000000000001	0.8482760260217813
0.20500000000000002	0.8471881913918532
0.20600000000000002	0.8459734363253177
0.20700000000000002	0.8450399956071445
0.20800000000000002	0.8446003292464425
0.209	0.8444787250467645
0.21	0.8441286711939218
0.211	0.8427814418155156
0.212	0.839653549430905
0.213	0.8342360319989907
0.214	0.826544539699596
0.215	0.8171853894127274
0.216	0.8072780703377864
0.217	0.7981465677671966
0.218	0.7909893408955821
0.219	0.78645162347593
0.22	0.7844026137538306
0.221	0.783879256352731
0.222	0.7832753042361529
0.223	0.7807424587881796
0.224	0.7747067134492087
0.225	0.7643337202452515
0.226	0.7498280847944229
0.227	0.7324599816989308
0.228	0.7142855457579506
0.229	0.6976380582578896
0.23	0.6845017013426283
0.231	0.6759489086548269
0.232	0.6718002227372222
0.233	0.6706095660578877
0.234	0.6699955012044944
0.23500000000000001	0.6672480409000936
0.23600000000000002	0.6600470938452199
0.23700000000000002	0.647118468040489
0.23800000000000002	0.6285946146946393
0.23900000000000002	0.6060500147217087
0.24	0.582137809596806
0.241	0.5598881606201186
0.242	0.5419377654433727
0.243	0.5298180783334859
0.244	0.5235026285414301
0.245	0.5214244089055716
0.246	0.5208327651298564
0.247	0.5185167528521649
0.248	0.5116489228505414
0.249	0.498541751281179
0.25	0.4791182298939386
0.251	0.45492982287459355
0.252	0.4287791341645215
0.253	0.4039847290819581
0.254	0.3835146153655409
0.255	0.36921096866262837
0.256	0.36130849327224784
0.257	0.3583830637646739
0.258	0.35773409140276324
0.259	0.3561064323210821
0.26	0.3505486827934554
0.261	0.33918738726751274
0.262	0.32170747082717416
0.263	0.2994161514833644
0.264	0.2748778043013083
0.265	0.25122417713609835
0.266	0.23132743073214154
0.267	0.21705739377163014
0.268	0.20882308727073468
0.269	0.2055024715681223
0.27	0.20478690649753103
0.271	0.20382013351415904
0.272	0.19997639849389778
0.273	0.1915270498067747
0.274	0.17807516839003584
0.275	0.16060829154290432
0.276	0.14117535970697961
0.277	0.12231420855242235
0.278	0.10635275801435298
0.279	0.09481510062021044
0.28	0.08806333368218294
0.281	0.08526680252990268
0.28200000000000003	0.08469605378435015
0.28300000000000003	0.0842451903512385
0.28400000000000003	0.08201508026681596
0.28500000000000003	0.07681545956458945
0.28600000000000003	0.06843366096990909
0.28700000000000003	0.057621405840984165
0.28800000000000003	0.045813915673980396
0.289	0.03468115483803883
0.29	0.025646608353782494
0.291	0.019512892469048807
0.292	0.01629470990312612
0.293	0.015293270606725287
0.294	0.015373142355098965
0.295	0.015345805018951227
0.296	0.014336056509571126
0.297	0.01202162790034912
0.298	0.008680237499710551
0.299	0.005039607880714226
0.3	0.0019901008891776077
0.301	0.00026101074061258856
0.302	0.00016786444486904115
0.303	0.0015136112489065143
0.304	0.003673930629106578
0.305	0.005836030939067451
0.306	0.007308894216880525
0.307	0.00779886818270117
0.308	0.007552447956425059
0.309	0.007315886649431759
0.31	0.008111117568969088
0.311	0.010898783482216214
0.312	0.01623113265364573
0.313	0.024013316041188195
0.314	0.03345750705374323
0.315	0.04326026614029653
0.316	0.05196259983733708
0.317	0.058390297427430446
0.318	0.06204987510846064
0.319	0.06334412280206649
0.32	0.06353410971603804
0.321	0.06443913420917935
0.322	0.06794625983922804
0.323	0.0754625492456322
0.324	0.0874672818304172
0.325	0.10330707413857765
0.326	0.12129413276308813
0.327	0.13911746396830743
0.328	0.1544528360005194
0.329	0.16560763990967137
0.33	0.1720254815680112
0.331	0.17449609004214117
0.332	0.17501272673061413
0.333	0.1762663750592061
0.334	0.18094390123020784
0.335	0.1909944509401391
0.336	0.20705631423953028
0.337	0.2282462457077306
0.338	0.25232882754105235
0.339	0.27628207097449836
0.34	0.29707957662335926
0.341	0.3124971082720153
0.342	0.3217315835400502
0.343	0.32564220447189596
0.34400000000000003	0.3265548079525308
0.34500000000000003	0.32766914326103747
0.34600000000000003	0.3322192640946445
0.34700000000000003	0.3426120560851082
0.34800000000000003	0.3597757294087472
0.34900000000000003	0.3828978342889402
0.35000000000000003	0.4096106928879922
0.35100000000000003	0.43659830609995837
0.352	0.4604743824358654
0.353	0.4786616993656773
0.354	0.49005908587892955
0.355	0.49533677221658534
0.356	0.4967592887368215
0.357	0.4975752742941443
0.358	0.5011636966945688
0.359	0.5101456146314837
0.36	0.5257040276774099
0.361	0.5472856072562298
0.362	0.5727630113026522
0.363	0.5990082513723882
0.364	0.6227183297360773
0.365	0.6412793018653846
0.366	0.6534124371352182
0.367	0.659492688402481
0.368	0.6613963801813365
0.369	0.6619822822419026
0.37	0.6643011558994256
0.371	0.6708163206687614
0.372	0.6827721706295588
0.373	0.6999141233968046
0.374	0.7206077808117485
0.375	0.7423140064262531
0.376	0.7622833674044768
0.377	0.7782742834704781
0.378	0.7890996309407318
0.379	0.7948836479828864
0.38	0.7969519103363907
0.381	0.7974192854922263
0.382	0.7985885044943697
0.383	0.8023434457401168
0.384	0.8096838626470261
0.385	0.8205279219214009
0.386	0.8338140232749688
0.387	0.8478611879815235
0.388	0.8608540248298938
0.389	0.8713319986439194
0.39	0.87853325021252
0.391	0.8825232107089844
0.392	0.8840890665653123
0.393	0.8844370716533196
0.394	0.8848135024853453
0.395	0.8861565190222352
0.396	0.8888785809250305
0.397	0.8928321387117465
0.398	0.8974402057273222
0.399	0.9019495335763218
0.4	0.9056946777622975
0.401	0.9083009445756913
0.402	0.9097561826687657
0.403	0.910344474012077
0.404	0.9104775003507148
0.405	0.9104799311618087
0.406	0.9104268215565243
0.40700000000000003	0.9100898297487189
0.40800000000000003	0.9090151247125687
0.40900000000000003	0.9067048001450855
0.41000000000000003	0.9028500154283708
0.41100000000000003	0.8975054167998969
0.41200000000000003	0.8911612287360564
0.41300000000000003	0.8846558272765105
0.41400000000000003	0.8789505832836931
0.41500000000000004	0.8748138396086494
0.41600000000000004	0.8725364967899467
0.417	0.8717593017701366
0.418	0.8714844142581734
0.419	0.8702982553813089
0.42	0.8667329893952755
0.421	0.8597200883779937
0.422	0.8489397410733512
0.423	0.8349960166166551
0.424	0.8193418358201827
0.425	0.8039562301294013
0.426	0.7907973440063903
0.427	0.7813020756751544
0.428	0.7758983941240845
0.429	0.7738450143069214
0.43	0.7733442229520505
0.431	0.7719832175308062
0.432	0.7673471997460247
0.433	0.7576798458716376
0.434	0.7424347944510712
0.435	0.7224342723819988
0.436	0.6997598802648805
0.437	0.6772271539268864
0.438	0.6576673469843209
0.439	0.6431653060550907
0.44	0.634484630201675
0.441	0.6308121091668868
0.442	0.6299330235567593
0.443	0.6287839075799916
0.444	0.6242553123050736
0.445	0.6140003094866722
0.446	0.5971071147524932
0.447	0.574343752501711
0.448	0.5480193530816757
0.449	0.5213659611090832
0.45	0.49773601603953455
0.451	0.4797080526400786
0.452	0.46839239343027333
0.453	0.4631502429431164
0.454	0.46173966035046093
0.455	0.46090956833084223
0.456	0.45724278307402366
0.457	0.44806931139697354
0.458	0.43215951965861227
0.459	0.41005432823812676
0.46	0.38390402885753516
0.461	0.3569221158222904
0.462	0.3325171449051933
0.463	0.3134127679433428
0.464	0.30094931852745016
0.465	0.29475161189843085
0.466	0.2928614120372832
0.467	0.29227443890679156
0.468	0.289757522606528
0.46900000000000003	0.2826866900809982
0.47000000000000003	0.2697399845554275
0.47100000000000003	0.251195909351566
0.47200000000000003	0.2288237910966147
0.47300000000000003	0.2053926572889841
0.47400000000000003	0.18389954441599035
0.47500000000000003	0.16679359712122782
0.47600000000000003	0.15535555927515893
0.47700000000000004	0.14941125026460725
0.47800000000000004	0.14743949112456028
0.47900000000000004	0.14703272309745788
0.48	0.1455721703835045
0.481	0.1409294639366291
0.482	0.1320039408098424
0.483	0.11895919977041844
0.484	0.10310977005686664
0.485	0.08650678285282658
0.486	0.07134309871998123
0.487	0.05936893810132983
0.488	0.051451098822588394
0.489	0.0474077286001813
0.49	0.04614296177406608
0.491	0.04601690975444586
0.492	0.045346243273652054
0.493	0.04287492935278918
0.494	0.03808640233380609
0.495	0.03127952111964244
0.496	0.023403069022677782
0.497	0.015714248244303168
0.498	0.009374756744313423
0.499	0.0051099789800650875
0.5	0.00303215757152548
0.501	0.0026706071352168618
0.502	0.0031864307831369365
0.503	0.0036927108328229127
0.504	0.003570044273081726
0.505	0.002673598009723643
0.506	0.0013657716221772323
0.507	0.0003668712367700649
0.508	0.00047713157823392027
0.509	0.002265804733538337
0.51	0.005834777357178436
0.511	0.010740901131574531
0.512	0.016110382621182726
0.513	0.02091493811147069
0.514	0.024324368662277402
0.515	0.026021438884195593
0.516	0.02637231306792144
0.517	0.02638398735190272
0.518	0.027446710042070718
0.519	0.030929055851390073
0.52	0.037742248487344504
0.521	0.048008208176577916
0.522	0.060942824946143156
0.523	0.07500152542466323
0.524	0.08827190033688559
0.525	0.09900209140686143
0.526	0.10612340302596357
0.527	0.10961025641886143
0.528	0.11056192871792059
0.529	0.1109658436876397
0.53	0.1131912299888902
0.531	0.11934439001901151
0.532	0.1306613997541762
0.533	0.14711198302264078
0.534	0.16734081754257368
0.535	0.18897038848203235
0.536	0.209203045805242
0.537	0.22556392560259822
0.538	0.23658700672390995
0.539	0.24225318270905577
0.54	0.24404285901739253
0.541	0.24458047619452997
0.542	0.24696738955347694
0.543	0.2539518137866069
0.544	0.2671834905712223
0.545	0.2867397903265481
0.546	0.31106579573660575
0.547	0.3373507600475603
0.548	0.3622497700206218
0.549	0.3827590188903784
0.55	0.39701280365957703
0.551	0.4047910900621094
0.552	0.4075886699619309
0.553	0.40823942793430057
0.554	0.41017041117151815
0.555	0.41649769936921266
0.556	0.4292029384023647
0.557	0.4486121872144727
0.558	0.4733088558868148
0.559	0.5004994220710838
0.56	0.5267450121412696
0.561	0.5488602804102245
0.562	0.5647463191519341
0.5630000000000001	0.5739267998582246
0.5640000000000001	0.5776413710089212
0.5650000000000001	0.5784960514795431
0.5660000000000001	0.5797624699279593
0.5670000000000001	0.5845205808656367
0.5680000000000001	0.5948493129688055
0.5690000000000001	0.6113078144959788
0.5700000000000001	0.6328217172693572
0.5710000000000001	0.6569975251410239
0.5720000000000001	0.6807910250273478
0.5730000000000001	0.7012863679430152
0.5740000000000001	0.7164587106205944
0.5750000000000001	0.725678900111087
0.5760000000000001	0.7297922588764019
0.577	0.7308493486941074
0.578	0.7315443952706434
0.579	0.7344613807769926
0.58	0.7414071336904614
0.581	0.753001072196815
0.582	0.7685625084156618
0.583	0.7863600148544242
0.584	0.8041180411741565
0.585	0.8196461436146201
0.586	0.8313853080447235
0.587	0.838777150769034
0.588	0.8423291186767623
0.589	0.8433870791045462
0.59	0.8437182675850351
0.591	0.8450167802563271
0.592	0.8484382683978859
0.593	0.8543798615661965
0.594	0.8624461356280789
0.595	0.8716167104787708
0.596	0.8806462113877257
0.597	0.8883831543873959
0.598	0.8941181455820019
0.599	0.8976688105335524
0.6	0.8993939782103301
0.601	0.8999380778218959
0.602	0.9000440458413836
0.603	0.9002414740655207
0.604	0.900724098781438
0.605	0.9013410904902595
0.606	0.9017349076911998
0.607	0.9015375234609903
0.608	0.9005143738109815
0.609	0.8987527012290047
0.61	0.8966131180836248
0.611	0.8946096917292852
0.612	0.8931895839700338
0.613	0.892517034958831
0.614	0.8923340170339984
0.615	0.891966206207882
0.616	0.8904843062370813
0.617	0.8869500481468714
0.618	0.880792014674467
0.619	0.8719933168946353
0.62	0.8612265830260236
0.621	0.8497476488010968
0.622	0.8390601019089201
0.623	0.830539246329379
0.624	0.8249873744818726
0.625	0.8223442703413084
0.626	0.8216164082206983
0.627	0.8210755312619314
0.628	0.8186833398127272
0.629	0.8126435682869352
0.63	0.801926749633302
0.631	0.786617142970748
0.632	0.7679700622483141
0.633	0.7481458207365799
0.634	0.7296746468895657
0.635	0.714797812351275
0.636	0.7048066757854193
0.637	0.6997018867199942
0.638	0.6980930670400041
0.639	0.6975210001442362
0.64	0.6950943461674389
0.641	0.688223028543357
0.642	0.6753572450616158
0.643	0.6564301202979231
0.644	0.632925370852076
0.645	0.6075348729919514
0.646	0.5834602101535605
0.647	0.5636073630993058
0.648	0.5498015854905624
0.649	0.5422646417793635
0.65	0.5395492242962389
0.651	0.5389020090563732
0.652	0.5369504483945418
0.653	0.5306095553941209
0.654	0.5179031461648664
0.655	0.4984752926872957
0.656	0.47372245105757566
0.657	0.4464280212560487
0.658	0.42004086086956055
0.659	0.3977742838629183
0.66	0.381767900553862
0.661	0.372532075685009
0.662	0.3688248251845446
0.663	0.3679928460637763
0.664	0.3666768285314628
0.665	0.36170089631348323
0.666	0.3509096538023731
0.667	0.33371695786290406
0.668	0.31123276537625705
0.669	0.28595262754596984
0.67	0.26108871435448905
0.671	0.23971134456466184
0.672	0.22395316717564853
0.673	0.21448049705741146
0.674	0.21036775401079474
0.675	0.20938627899280346
0.676	0.20862669564684955
0.677	0.20528740650813385
0.678	0.19741258149671667
0.679	0.18436761175673302
0.68	0.1669512679073405
0.681	0.14713544335676443
0.682	0.12749133215800187
0.683	0.11048757613657895
0.684	0.09784970089673067
0.685	0.09014685558411804
0.686	0.08670993625723572
0.687	0.08588638450067566
0.6880000000000001	0.08554192997713916
0.6890000000000001	0.0836667837277264
0.6900000000000001	0.07890287458900162
0.6910000000000001	0.07086577858779047
0.6920000000000001	0.060176655670466914
0.6930000000000001	0.0482106224988235
0.6940000000000001	0.03665999185040556
0.6950000000000001	0.027040627495326063
0.6960000000000001	0.020285962550448837
0.6970000000000001	0.016541079768457145
0.6980000000000001	0.015201103706296211
0.6990000000000001	0.015165323392733156
0.7000000000000001	0.015216253210661976
0.7010000000000001	0.01440096074730934
0.7020000000000001	0.012298356982816502
0.7030000000000001	0.009097271424850768
0.704	0.005472781523899904
0.705	0.002312115218793381
0.706	0.0003867178437027706
0.707	0.00008170330035216936
0.708	0.001271097984683328
0.709	0.003378071936237497
0.71	0.005597461864406396
0.711	0.007203758789805518
0.712	0.00783921004265696
0.713	0.007680446008643023
0.714	0.007423295868119145
0.715	0.008078470629932834
0.716	0.010641865763195483
0.717	0.015739965457553757
0.718	0.023368295034070015
0.719	0.03281643872829467
0.72	0.04281621495123806
0.721	0.0518875527350854
0.722	0.05878008001987277
0.723	0.06288426338558852
0.724	0.06448128513619877
0.725	0.06474081761397703
0.726	0.06545134176537992
0.727	0.06854414823391707
0.728	0.07553856166961526
0.729	0.08706903391434086
0.73	0.10263229158566749
0.731	0.12065343653682935
0.732	0.13885129065562948
0.733	0.15484280142936221
0.734	0.16679155006969515
0.735	0.17395049935138604
0.736	0.17692973972097265
0.737	0.1775867307036254
0.738	0.17857190558696942
0.739	0.18264130166767725
0.74	0.19190084385380451
0.741	0.20721204574463115
0.742	0.22789796996258788
0.743	0.25188140095586775
0.744	0.27619375172666777
0.745	0.2977413955753645
0.746	0.31412876538418294
0.747	0.32431374616665
0.748	0.32891670321174415
0.749	0.3300929906761216
0.75	0.33096970824329647
0.751	0.3348390243591038
0.752	0.3442818266276208
0.753	0.36047154040372087
0.754	0.38284467541508904
0.755	0.40922946505773006
0.756	0.4364047475902185
0.757	0.4609328217395411
0.758	0.4800681836031191
0.759	0.4924691939985122
0.76	0.49854883201032213
0.761	0.5003591651391439
0.762	0.5010449865162623
0.763	0.5040115411622409
0.764	0.512030144141038
0.765	0.5265177473090472
0.766	0.5471776190859782
0.767	0.5720941403801685
0.768	0.598262957251264
0.769	0.6223663374407378
0.77	0.6416652629987737
0.771	0.654671927808707
0.772	0.6615156620882022
0.773	0.6638633800831599
0.774	0.6644407729475815
0.775	0.6662934945719758
0.776	0.6719843143887123
0.777	0.6829412456428336
0.778	0.6991283333080007
0.779	0.7191104228683775
0.78	0.7404786415172948
0.781	0.7605143832036223
0.782	0.776901396330999
0.783	0.7883033347104355
0.784	0.7946568551728167
0.785	0.7971108726535845
0.786	0.7976581359742493
0.787	0.7985586685434966
0.788	0.8017378072587428
0.789	0.8083064672933122
0.79	0.8183370945375388
0.791	0.8309075468476844
0.792	0.8444534054212978
0.793	0.8572006872068743
0.794	0.8676762800288884
0.795	0.8750456162626993
0.796	0.879274930962044
0.797	0.8810406057986624
0.798	0.8814638287194425
0.799	0.881743048512289
0.8	0.8828109495697717
0.801	0.8851117185003887
0.802	0.8885515121655325
0.803	0.8926170478324416
0.804	0.8966118067540259
0.805	0.8999103494009832
0.806	0.902159616274076
0.807	0.9033551030156436
0.808	0.9037756102043344
0.809	0.9038180301419264
0.81	0.9037864158427937
0.811	0.903732669112785
0.812	0.9033971915139722
0.8130000000000001	0.9022875584464312
0.8140000000000001	0.8998695273934578
0.8150000000000001	0.8957962575126078
0.8160000000000001	0.8900976681233971
0.8170000000000001	0.8832653522445382
0.8180000000000001	0.8761813027720292
0.8190000000000001	0.8698553789872118
0.8200000000000001	0.8651528093333535
0.8210000000000001	0.862443910338012
0.8220000000000001	0.8614359373667674
0.8230000000000001	0.8611579509824564
0.8240000000000001	0.8601661923943452
0.8250000000000001	0.8569210764714318
0.8260000000000001	0.8502301776287565
0.8270000000000001	0.8396421081856945
0.8280000000000001	0.825651068941515
0.8290000000000001	0.809656597707114
0.8300000000000001	0.7936374294680544
0.8310000000000001	0.7796595238271671
0.8320000000000001	0.7692901337105089
0.833	0.7631391272246533
0.834	0.7606154198905136
0.835	0.7600165322506466
0.836	0.7589301752727332
0.837	0.7548538411120175
0.838	0.7458766699134914
0.839	0.7312278630718695
0.84	0.7115645488997171
0.841	0.6888335028400718
0.842	0.6658099933359446
0.843	0.6454161773140611
0.844	0.6299143200278058
0.845	0.6202787503809788
0.846	0.6159230923054044
0.847	0.6148019758561549
0.848	0.6139033372345756
0.849	0.6100430850845837
0.85	0.6007074424376345
0.851	0.5847429273482544
0.852	0.5626924956129286
0.853	0.5366551131052368
0.854	0.5097985207591772
0.855	0.48551632440023446
0.856	0.466545621179016
0.857	0.4542421305981819
0.858	0.4482149409182444
0.859	0.44643444523096737
0.86	0.4457444085840026
0.861	0.44271337418602275
0.862	0.43452007517825664
0.863	0.4197169037740671
0.864	0.3985797201265305
0.865	0.37304782577157464
0.866	0.3462107487033937
0.867	0.3214718126184342
0.868	0.3016826111900013
0.869	0.2883878030579073
0.87	0.2814552825469198
0.871	0.2791460911544114
0.872	0.2785916428659174
0.873	0.2765766938414078
0.874	0.2703922655330379
0.875	0.25852992416302
0.876	0.24104689846627048
0.877	0.21951039226387578
0.878	0.19654141535826364
0.879	0.17509739520838452
0.88	0.15768965200582388
0.881	0.14574624399719713
0.882	0.1392855343876194
0.883	0.1369714680430258
0.884	0.13653436917991438
0.885	0.13540946025820544
0.886	0.1314351051829828
0.887	0.12340141068608546
0.888	0.11131869223666217
0.889	0.09634382144047654
0.89	0.0804028319232354
0.891	0.06562975050338231
0.892	0.05378188041335271
0.893	0.04579574734981695
0.894	0.041598133091595935
0.895	0.040209390560202514
0.896	0.04009083293791213
0.897	0.039619748909695274
0.898	0.03755132376933696
0.899	0.033337171841966586
0.9	0.027214740031748282
0.901	0.020059308674053276
0.902	0.01305969371732707
0.903	0.007326775549083291
0.904	0.0035589010286193623
0.905	0.0018640812497060946
0.906	0.001784735448794183
0.907	0.0025061532139948267
0.908	0.0031707200380681165
0.909	0.003191119844982732
0.91	0.00245515925238008
0.911	0.0013588563391310699
0.912	0.0006547528658279718
0.913	0.0011691790063709103
0.914	0.003484825062310513
0.915	0.007696812916474945
0.916	0.013329940521610644
0.917	0.019453436809553994
0.918	0.024964814172535425
0.919	0.028957076422158553
0.92	0.03105274515323863
0.921	0.03159238663480531
0.922	0.03160515326980867
0.923	0.03255236643207119
0.924	0.035911029966793406
0.925	0.04271478214414429
0.926	0.05319200830071001
0.927	0.06661918508477631
0.928	0.08144528646421277
0.929	0.09568051085551436
0.93	0.10743734888689979
0.931	0.11548343126129404
0.932	0.1196420873488711
0.933	0.12091421230855612
0.934	0.12127027213719266
0.935	0.12315429376022853
0.936	0.1288250765358279
0.937	0.13971397881543335
0.9380000000000001	0.15598137723561564
0.9390000000000001	0.1764054667864933
0.9400000000000001	0.1986503696218047
0.9410000000000001	0.21985451264809455
0.9420000000000001	0.23738464704230314
0.9430000000000001	0.24955767723148095
0.9440000000000001	0.2561287524764937
0.9450000000000001	0.25840655172786425
0.9460000000000001	0.2589468616128568
0.9470000000000001	0.2608998915483183
0.9480000000000001	0.26717152329854243
0.9490000000000001	0.2796415228331904
0.9500000000000001	0.29863226358584555
0.9510000000000001	0.3227864111945632
0.9520000000000001	0.34939218210964446
0.9530000000000001	0.3750772676785754
0.9540000000000001	0.3966901675445808
0.9550000000000001	0.41213340370221574
0.9560000000000001	0.42093022926195
0.9570000000000001	0.42435903215972004
0.9580000000000001	0.42512414389663417
0.9590000000000001	0.42665525577772556
0.96	0.4322018305652317
0.961	0.44396981447729833
0.962	0.46254050104901034
0.963	0.4867257637167397
0.964	0.5138732630310361
0.965	0.5405674314132775
0.966	0.5635227442044665
0.967	0.580439182254008
0.968	0.5905854489860354
0.969	0.594968511041245
0.97	0.596039056144735
0.971	0.5970334608010074
0.972	0.6010981311007934
0.973	0.610496388128844
0.974	0.6260006572162978
0.975	0.64677333959732
0.976	0.6705893448808946
0.977	0.6944375807510438
0.978	0.7153768536384363
0.979	0.731234526014033
0.98	0.7411848537146903
0.981	0.7458647770281663
0.982	0.7471896248894011
0.983	0.7477549979381416
0.984	0.7501714523180317
0.985	0.7563629548919263
0.986	0.7671036408099804
0.987	0.7818780290405616
0.988	0.7990936283056786
0.989	0.8165603667502602
0.99	0.8320872189676454
0.991	0.8440539806846638
0.992	0.8517871391374872
0.993	0.8556600579096857
0.994	0.8569050645493507
0.995	0.8572186015063136
0.996	0.8582627063444783
0.997	0.8612257654578369
0.998	0.8665812236699011
0.999	0.8739974410156086
1.	0.8825501148861402
1.0010000000000001	0.8910596480660392
1.002	0.8984083945114353
1.0030000000000001	0.9038826411699263
1.004	0.9073077476067876
1.0050000000000001	0.9089766518951935
1.006	0.909522213216758
1.0070000000000001	0.9096253739778835
1.008	0.9097774711961544
1.0090000000000001	0.9101340076306984
1.01	0.9105283561022816
1.0110000000000001	0.9105844681973195
1.012	0.9099158390259745
1.0130000000000001	0.9083304641971923
1.014	0.9059254971625038
1.0150000000000001	0.9031274796452957
1.016	0.9005251251885174
1.0170000000000001	0.8986302081438025
1.018	0.8976614536361393
1.0190000000000001	0.8973845280572621
1.02	0.8971006734720287
1.0210000000000001	0.8957908639705303
1.022	0.8924406345181013
1.0230000000000001	0.8863450688377605
1.024	0.8773869421049554
1.025	0.8661825811671523
1.026	0.8539879663810503
1.027	0.8423959866979102
1.028	0.8329107380607952
1.029	0.8264944882113603
1.03	0.823238331126671
1.031	0.8222449426148426
1.032	0.8218005461941569
1.033	0.8197944311089617
1.034	0.8142770636018561
1.035	0.8040243265505683
1.036	0.7889288512474995
1.037	0.770111850590101
1.038	0.7496918090742184
1.039	0.7302648054480587
1.04	0.7142218075128139
1.041	0.7030950923090146
1.042	0.6971015807748213
1.043	0.6950214461113349
1.044	0.6944707549279503
1.045	0.6924991334946423
1.046	0.6863669344250467
1.047	0.6742846238988686
1.048	0.6559339901599955
1.049	0.6325967549567254
1.05	0.6068622254375186
1.051	0.5819732184776013
1.052	0.5609858982138807
1.053	0.5459565473800889
1.054	0.537378068585612
1.055	0.5340304147433931
1.056	0.5332748155544468
1.057	0.5317376171515843
1.058	0.5261962707197275
1.059	0.5144326011377824
1.06	0.4958305053629001
1.061	0.4715483963161881
1.062	0.44422812859638866
1.063	0.4173053713797609
1.064	0.3941115974175346
1.065	0.3770026208152089
1.066	0.3667526834638406
1.067	0.3623569607421282
1.068	0.36131351516618093
1.069	0.3602961610438115
1.07	0.35603550773303944
1.071	0.3461781841613571
1.072	0.32989150442271364
1.073	0.3080614383214023
1.074	0.2830318179632582
1.075	0.25796482542943877
1.076	0.23600013120084595
1.077	0.21943898671162035
1.078	0.20916614161974845
1.079	0.20446241150294292
1.08	0.20324436596527137
1.081	0.20265709030329693
1.082	0.1998528772874026
1.083	0.19273508500780598
1.084	0.18049004101535676
1.085	0.16373928724224257
1.086	0.144324914915875
1.087	0.12476441549429489
1.088	0.10755840542197714
1.089	0.09453448301175403
1.09	0.08640204214069305
1.091	0.08263085484016702
1.092	0.08167173046498545
1.093	0.08143383515658184
1.094	0.07988436986361626
1.095	0.07559608246513078
1.096	0.06808856884941228
1.097	0.057886968211782776
1.098	0.0462995263638253
1.099	0.03499413128072098
1.1	0.025500927809821116
1.101	0.01879661593114037
1.102	0.015079309035492722
1.103	0.013788292742522999
1.104	0.013845723910975005
1.105	0.014033060787208255
1.106	0.01337936258437034
1.107	0.011441683872182458
1.108	0.008396822057391727
1.109	0.004926295776110357
1.11	0.0019421771860155205
1.111	0.00025017504501950694
1.112	0.00026361697122209276
1.113	0.0018630007539765779
1.114	0.004446085797683489
1.115	0.00715067690043352
1.116	0.009175306952852437
1.117	0.010087859979841967
1.118	0.010018643797817771
1.119	0.009662778045394565
1.12	0.01008671642890674
1.121	0.012389114354956415
1.122	0.01732261813055406
1.123	0.02499888214603107
1.124	0.034778211679623805
1.125	0.04539325529529264
1.1260000000000001	0.05528571610816881
1.127	0.0630623474915878
1.1280000000000001	0.06793888254105863
1.129	0.07003515330461024
1.1300000000000001	0.07042077705510678
1.131	0.07087492179362696
1.1320000000000001	0.07341939984450462
1.133	0.07974796773855199
1.1340000000000001	0.0907111443239715
1.135	0.10600936318547345
1.1360000000000001	0.12419937824457494
1.137	0.1430273011215015
1.1380000000000001	0.1600106300308793
1.139	0.17311637999663435
1.1400000000000001	0.1813479692438302
1.141	0.1850719703640345
1.1420000000000001	0.18597893319230938
1.143	0.18667720449563716
1.1440000000000001	0.19001164996268463
1.145	0.19830147348354096
1.1460000000000001	0.2126803947649737
1.147	0.23274487083667555
1.1480000000000001	0.2566146338590135
1.149	0.28138792058355017
1.1500000000000001	0.30389043598818494
1.151	0.32151563268780253
1.1520000000000001	0.3329347099055348
1.153	0.3384763675323731
1.154	0.340064602811464
1.155	0.3407362024455733
1.156	0.34384392704006894
1.157	0.3521748165991432
1.158	0.36718933160250466
1.159	0.38863694812256694
1.16	0.4145823670733389
1.161	0.4419234345154498
1.162	0.4671826457618828
1.163	0.48742820076452276
1.164	0.5010369361264644
1.165	0.5081135289550048
1.166	0.5104579348855691
1.167	0.5110780847597813
1.168	0.5133972468123312
1.169	0.5203468523460626
1.17	0.5336045932790442
1.171	0.5531701241798959
1.172	0.5773844361561743
1.173	0.6033857312134996
1.174	0.6278705025366196
1.175	0.6479671167092115
1.176	0.6619519529367901
1.177	0.6696882685771934
1.178	0.6725952301972592
1.179	0.6732442685719708
1.18	0.674651326522786
1.181	0.6794785265949606
1.182	0.6893506253723424
1.183	0.7044718792968631
1.184	0.723623466131138
1.185	0.7445612880123402
1.186	0.764592357286915
1.187	0.7813474118424107
1.188	0.7933406518153278
1.189	0.8002995783952727
1.19	0.8031947994131358
1.191	0.8038747547466838
1.192	0.8045491176559022
1.193	0.8071784339977858
1.194	0.8129874565095045
1.195	0.8221778850166722
1.196	0.8340005585128188
1.197	0.8469787278618909
1.198	0.8594125020277664
1.199	0.8698098919530197
1.2	0.8772767816851389
1.201	0.8816935906135264
1.202	0.8836280373989028
1.203	0.8841274582837457
1.204	0.8843440727806354
1.205	0.8852004569343219
1.206	0.8871606405898071
1.207	0.8901676869543237
1.208	0.8937498291971232
1.209	0.8972432770461383
1.21	0.9000516725833805
1.211	0.9018525242383081
1.212	0.9026646076508803
1.213	0.9027868906793693
1.214	0.9026284307406524
1.215	0.9024980013243685
1.216	0.9024437041741623
1.217	0.9021808394179076
1.218	0.9011668706861407
1.219	0.8987956521907744
1.22	0.8946407010031798
1.221	0.8886828015035567
1.222	0.8813939185152395
1.223	0.8736555707468446
1.224	0.8665669483289521
1.225	0.8611084012337794
1.226	0.857780423129907
1.227	0.8563956242208527
1.228	0.8560531823935457
1.229	0.8553025132455145
1.23	0.8525154896439483
1.231	0.8463489383636426
1.232	0.8361675229572931
1.233	0.8222989237145704
1.234	0.8060363513562668
1.235	0.7893557405767693
1.236	0.7744066540321003
1.237	0.7629531020242545
1.238	0.7558191995852748
1.239	0.7526191938591111
1.24	0.7518089131831865
1.241	0.7510063040776158
1.242	0.7476133512369776
1.243	0.7395281833916492
1.244	0.7257270313569866
1.245	0.7066032711127331
1.246	0.6839212691691109
1.247	0.6604110393220516
1.248	0.6390574178441045
1.249	0.622325062216327
1.25	0.6114785680242858
1.2510000000000001	0.6062073195458526
1.252	0.6046849343836583
1.2530000000000001	0.603987267723493
1.254	0.6008702387900905
1.2550000000000001	0.5926344577328456
1.256	0.577827934648668
1.2570000000000001	0.5566770523704775
1.258	0.5310539384074143
1.2590000000000001	0.5040021607075439
1.26	0.4789544790850489
1.2610000000000001	0.4588335551981985
1.262	0.44528129883913725
1.2630000000000001	0.43822554606339054
1.264	0.4358916997380062
1.2650000000000001	0.4352698359147827
1.266	0.43290871682980103
1.2670000000000001	0.4258252601521937
1.268	0.4122895955725887
1.2690000000000001	0.39227252375044885
1.27	0.3674475340767514
1.2710000000000001	0.3407415035244971
1.272	0.3155578571574258
1.2730000000000001	0.29488193518429634
1.274	0.2805134595542295
1.2750000000000001	0.2726169228055559
1.276	0.2697113536766768
1.2770000000000001	0.2690952755698463
1.278	0.2675815436527761
1.2790000000000001	0.2623459898187662
1.28	0.2516585021912157
1.281	0.23530961705998382
1.282	0.21461889656526914
1.283	0.19204388866102093
1.284	0.17050208385776378
1.285	0.15259133781876072
1.286	0.13992399693545213
1.287	0.1327481024865252
1.288	0.1299493066665017
1.289	0.1294049980313881
1.29	0.12859714976750183
1.291	0.12530539028931564
1.292	0.11817221762347083
1.293	0.10701930521209531
1.294	0.09282400096218851
1.295	0.07738687840246651
1.296	0.06279620497745443
1.297	0.050847723041767406
1.298	0.04258359724221472
1.299	0.03807071847867712
1.3	0.03646174642893804
1.301	0.03631071660871651
1.302	0.03602878375075666
1.303	0.03434591935978177
1.304	0.030644661200172015
1.305	0.02507413046942358
1.306	0.0184293981441624
1.307	0.011847567698354473
1.308	0.006425425043742419
1.309	0.0028795216579689626
1.31	0.0013543374239214437
1.311	0.0014296090097738708
1.312	0.002313357141427852
1.313	0.003150245758497881
1.314	0.0033375203565493288
1.315	0.0027427440982852676
1.316	0.001750572076470721
1.317	0.0011230575583089045
1.318	0.0017204795960785676
1.319	0.004176113332911199
1.32	0.008635814659054488
1.321	0.014655082445368799
1.322	0.021296062187471394
1.323	0.02740447829363746
1.324	0.03198419058956727
1.325	0.034551344104683135
1.326	0.03535461327631395
1.327	0.0353719258167787
1.328	0.036081085681913504
1.329	0.03904380818445316
1.33	0.0454328242397168
1.331	0.0556359133690651
1.332	0.06906568953695226
1.333	0.08424674033230735
1.334	0.09917296921315996
1.335	0.11184720503251126
1.336	0.12085568799768096
1.337	0.12581206934221217
1.338	0.12753666690090426
1.339	0.12788975031846792
1.34	0.12932503155457678
1.341	0.13422520195519982
1.342	0.1442353246995972
1.343	0.15976847991581125
1.344	0.17982935811520853
1.345	0.2022193683108133
1.346	0.2240844263896841
1.347	0.2426624819491799
1.348	0.2560345778931189
1.349	0.2636708715235828
1.35	0.26661681002453186
1.351	0.26725640945801604
1.352	0.2687043733689843
1.353	0.2739957907302714
1.354	0.28525299487599387
1.355	0.30310738773169427
1.356	0.32650071042663925
1.357	0.35292019855321605
1.358	0.379047411718206
1.359	0.40162390947072735
1.36	0.41830821577500504
1.361	0.4283010271423793
1.362	0.4325650293475619
1.363	0.43358051525851143
1.364	0.4346939657436712
1.365	0.4392382903395749
1.366	0.44965459948678804
1.367	0.4668479863202711
1.368	0.4899513521809887
1.369	0.5165599437749275
1.37	0.5433608041283764
1.371	0.5670091495799603
1.372	0.5849940386327275
1.373	0.5962797103781196
1.374	0.6015484978613451
1.375	0.6029985743481295
1.3760000000000001	0.6037368220069144
1.377	0.6069511647907452
1.3780000000000001	0.615077980728104
1.379	0.6291844891961347
1.3800000000000001	0.6487224666774402
1.381	0.6717182675425453
1.3820000000000001	0.6953181622687924
1.383	0.7165604333771595
1.3840000000000001	0.7331394341124297
1.385	0.7439692823906461
1.3860000000000001	0.7494227958326487
1.387	0.7511609590328753
1.3880000000000001	0.7516495620466341
1.389	0.7534726133362062
1.3900000000000001	0.7586592190194444
1.391	0.7681851982687673
1.3920000000000001	0.7817860380596302
1.393	0.7980781848618713
1.3940000000000001	0.8150181882916616
1.395	0.8304476631610684
1.3960000000000001	0.842677691182795
1.397	0.8508810575866615
1.3980000000000001	0.8552401222967044
1.399	0.8568069559973969
1.4000000000000001	0.8571481860127718
1.401	0.8578783976521444
1.4020000000000001	0.8602303731828741
1.403	0.8647631784854592
1.4040000000000001	0.8712920215796902
1.405	0.8790347289218234
1.4060000000000001	0.8868996352377724
1.407	0.8938344688910274
1.408	0.8991191566605412
1.409	0.9025188250864093
1.41	0.9042622730849158
1.411	0.9048917915000625
1.412	0.9050170071100212
1.413	0.9050870590606429
1.414	0.9052470713833201
1.415	0.9053265759801836
1.416	0.9049641103825972
1.417	0.9037949846262725
1.418	0.9016493197437144
1.419	0.8986767330394376
1.42	0.8953321764524373
1.421	0.8922340040308148
1.422	0.8899437854528357
1.423	0.8887144396601468
1.424	0.8883329260057706
1.425	0.8880915564716779
1.426	0.8869409180591944
1.427	0.8837771510183623
1.428	0.8778060508174417
1.429	0.8688146520821933
1.43	0.8573487077382573
1.431	0.8446398047403351
1.432	0.8323146596151996
1.433	0.8219796472949049
1.434	0.8147404754390041
1.435	0.8108432165281511
1.436	0.8095167657372562
1.437	0.8091102582936063
1.438	0.8074879697694112
1.439	0.8025832700523594
1.44	0.7929903217519778
1.441	0.778398268424625
1.442	0.7597479673469432
1.443	0.7390541723688477
1.444	0.718919541670349
1.445	0.7018595365417697
1.446	0.6896157357031223
1.447	0.6826514311613104
1.448	0.6799760187269394
1.449	0.6793490942130392
1.45	0.6778388744980715
1.451	0.6725873568391286
1.452	0.6615805495532682
1.453	0.6442173423051688
1.454	0.6215123564534831
1.455	0.5958715925850662
1.456	0.5704921316117997
1.457	0.5485340573105539
1.458	0.5322848694702772
1.459	0.522540992359018
1.46	0.51838034339986
1.461	0.5173807978626292
1.462	0.5162459437810876
1.463	0.5116691117661513
1.464	0.5012062342719564
1.465	0.4839296156285657
1.466	0.4606789163940723
1.467	0.4338530658483505
1.468	0.4067799455871713
1.469	0.38285102571447316
1.47	0.3646345231037492
1.471	0.35320950474404045
1.472	0.3478984316749322
1.473	0.3464623817466579
1.474	0.3457056196708468
1.475	0.34232487358004926
1.476	0.3337798912197453
1.477	0.31894530523195286
1.478	0.2983860273872859
1.479	0.2741742335370779
1.48	0.24932340085730711
1.481	0.22698006616196006
1.482	0.209603056582707
1.483	0.19834363745830214
1.484	0.19278756069539538
1.485	0.19111716058170325
1.486	0.1906372972373549
1.487	0.18851548597213547
1.488	0.1825311201774539
1.489	0.17163471246318335
1.49	0.15617342159479985
1.491	0.13773745273102356
1.492	0.11868343107697758
1.493	0.10147673761156223
1.494	0.08803778919959365
1.495	0.07926843001707122
1.496	0.07487889612258594
1.497	0.07354009359449672
1.498	0.07331272869000119
1.499	0.07221359965331135
1.5	0.0687505868917708
1.5010000000000001	0.06229185582990521
1.502	0.053169426254329764
1.5030000000000001	0.04250638167029917
1.504	0.0318370572138721
1.5050000000000001	0.02264114652506511
1.506	0.015931801652670035
1.5070000000000001	0.01201368478223257
1.508	0.010468844157532296
1.5090000000000001	0.01035959517298357
1.51	0.010569834213446247
1.5110000000000001	0.01017348901536351
1.512	0.008710257368483373
1.5130000000000001	0.006290634180158033
1.514	0.0035052165196104643
1.5150000000000001	0.0011769329261935191
1.516	0.000045783253098226085
1.5170000000000001	0.0004947781015301892
1.518	0.002408950693463391
1.5190000000000001	0.005215227365890261
1.52	0.008090306411350234
1.5210000000000001	0.01026610827515985
1.522	0.011331379955258236
1.5230000000000001	0.011422444946978597
1.524	0.01123319536792752
1.5250000000000001	0.01182978910023979
1.526	0.014320022996628549
1.5270000000000001	0.019477571556772016
1.528	0.027441825620577523
1.5290000000000001	0.037596451348594975
1.53	0.04868050807270142
1.5310000000000001	0.05911380587152078
1.532	0.06745077797233573
1.5330000000000001	0.07283256062069078
1.534	0.07530043617158659
1.5350000000000001	0.07586362041678991
1.536	0.07628169684690472
1.537	0.07861065641070399
1.538	0.0846300168811853
1.539	0.09531180290087497
1.54	0.11048516771719932
1.541	0.1288060924768498
1.542	0.14805918555890296
1.543	0.16572400327760456
1.544	0.17965652433091883
1.545	0.18869821858761696
1.546	0.1930415726790516
1.547	0.19423766965918332
1.548	0.19482897674884894
1.549	0.1976924155167894
1.55	0.20527309442981342
1.551	0.21889865249944992
1.552	0.23837702877994
1.553	0.26200694072918057
1.554	0.28698298248345927
1.555	0.31010705754215995
1.556	0.3286441221973893
1.557	0.34105180381898786
1.558	0.3474130015112806
1.559	0.349439812591173
1.56	0.35004894912883455
1.561	0.3525936820404328
1.562	0.3599812162076045
1.563	0.3739031935448371
1.564	0.3943607738092517
1.565	0.4196702218061918
1.566	0.44687387179755905
1.567	0.472515053061082
1.568	0.4935571230689666
1.569	0.5081474646627303
1.57	0.5161252366832555
1.571	0.5190341756547014
1.572	0.5197016988142718
1.573	0.5215092093539924
1.574	0.5274824430947912
1.575	0.5395010623310579
1.576	0.5578346897536589
1.577	0.5810893568162431
1.578	0.606595045982513
1.579	0.631119837498005
1.58	0.6517224562659293
1.581	0.6665012199894399
1.582	0.6750578640985654
1.583	0.6785551498715472
1.584	0.6793656554602512
1.585	0.680414333331217
1.586	0.6843975944473234
1.587	0.6931034938074686
1.588	0.706954890083553
1.589	0.7249959565091523
1.59	0.7451537939588115
1.591	0.764872961117472
1.592	0.7817405079812502
1.593	0.7941733085911851
1.594	0.8017086972176602
1.595	0.8050883922892303
1.596	0.8059788799929053
1.597	0.8064750613251739
1.598	0.808522786846112
1.599	0.8134226760737313
1.6	0.8215416561064013
1.601	0.8322914622563387
1.602	0.844388829467715
1.603	0.8562367958691708
1.604	0.8663750928843804
1.605	0.8738576417936713
1.606	0.8784698471686169
1.607	0.8806479957635496
1.608	0.8812967028258551
1.609	0.8814645444333101
1.61	0.8820250729099662
1.611	0.8834523789615861
1.612	0.8857490146237511
1.613	0.8885339851190583
1.614	0.891243125309467
1.615	0.893364819978455
1.616	0.8946344188795314
1.617	0.8950653752565753
1.618	0.8949537519402603
1.619	0.8946895123075249
1.62	0.8945328949620113
1.621	0.8944626485443917
1.622	0.894160348115746
1.623	0.8930255091799914
1.624	0.8904243195526065
1.625	0.8859145271670394
1.6260000000000001	0.8794682921745585
1.627	0.871577569868649
1.6280000000000001	0.8631786824123853
1.629	0.8554176891603109
1.6300000000000001	0.849351095433305
1.631	0.8455413365653984
1.6320000000000001	0.8438650441890441
1.633	0.8434517222393064
1.6340000000000001	0.8428173729020504
1.635	0.8402640553976459
1.6360000000000001	0.8343436159592681
1.637	0.8243079023683725
1.6380000000000001	0.8103869508958642
1.639	0.79382193583782
1.6400000000000001	0.7765598571308308
1.641	0.7608298524462781
1.6420000000000001	0.7485060033301125
1.643	0.7405755834741545
1.6440000000000001	0.7368144775775937
1.645	0.7357764114439045
1.6460000000000001	0.7351043671471784
1.647	0.7321740507764752
1.6480000000000001	0.7247415498134744
1.649	0.7115790215046739
1.6500000000000001	0.6929022374340404
1.651	0.6703192610402127
1.6520000000000001	0.6464883279740473
1.653	0.6244389166125343
1.6540000000000001	0.6067631924654627
1.655	0.594941473328764
1.6560000000000001	0.5888926394540552
1.657	0.5869607737529612
1.6580000000000001	0.5863367276173994
1.659	0.5837694180960733
1.6600000000000001	0.5764196510572007
1.661	0.5626222312001156
1.6620000000000001	0.5423505282239212
1.663	0.5172652965555612
1.6640000000000001	0.4902674087622101
1.665	0.4647849255745092
1.666	0.44384862412251513
1.667	0.4293187935277082
1.668	0.42138582266315133
1.669	0.4185135273136892
1.67	0.4178489710883458
1.671	0.4159855520643575
1.672	0.4098515116573306
1.673	0.3975039525978422
1.674	0.37865776150320585
1.675	0.3547330800162552
1.676	0.3284743408548141
1.677	0.3032190057991743
1.678	0.2820217824588965
1.679	0.2668640632746801
1.68	0.2581594828196634
1.681	0.254679920544483
1.682	0.25391939303180355
1.683	0.2527736916442309
1.684	0.2483817675644142
1.685	0.23885927529315198
1.686	0.2237637019273556
1.687	0.20417287983021018
1.688	0.18235136357527304
1.689	0.1611110233892349
1.69	0.1430639810171797
1.691	0.12994471051131673
1.692	0.12219978720942917
1.693	0.118932961305066
1.694	0.11821068068694807
1.695	0.11762775394910456
1.696	0.11497075790610513
1.697	0.10879447302975441
1.698	0.09875959951888118
1.699	0.08565394826286105
1.7	0.07110735519011725
1.701	0.057096599452358454
1.702	0.0453887994998613
1.703	0.03708117140977697
1.704	0.03235972392808508
1.705	0.030525928641250123
1.706	0.03027594663314705
1.707	0.030121948355148673
1.708	0.028834197374244586
1.709	0.025770299186929954
1.71	0.021002545797744198
1.711	0.015220979149679025
1.712	0.00945671497119399
1.713	0.004723142427855965
1.714	0.0016922264974323787
1.715	0.0005064627112020389
1.716	0.0007793498397366493
1.717	0.0017753164410971925
1.718	0.002701655924741238
1.719	0.0030112769364889834
1.72	0.002610780981175738
1.721	0.0019054795208446147
1.722	0.0016614253864745327
1.723	0.002730355157719281
1.724	0.0057290756936983055
1.725	0.01078145693176683
1.726	0.017415669192136603
1.727	0.024661478173206377
1.728	0.031326764281435576
1.729	0.036377065011513506
1.73	0.03929543726964819
1.731	0.04031287194988769
1.732	0.04041384794465527
1.733	0.041109846463037815
1.734	0.04402580515048621
1.735	0.050413258720870435
1.736	0.06073989485370092
1.737	0.07447773116329565
1.738	0.09017148506775866
1.739	0.1057852127367511
1.74	0.1192423074426898
1.741	0.129014106572479
1.742	0.1345903452877074
1.743	0.13668679311685908
1.744	0.1371170536640392
1.745	0.13834794590244187
1.746	0.14284786164633864
1.747	0.15240217726698874
1.748	0.16758514596428215
1.749	0.1875424701338022
1.75	0.21016351481017628
1.7510000000000001	0.23259495716369005
1.752	0.25199184438511346
1.7530000000000001	0.2662765740403058
1.754	0.2747332777049596
1.7550000000000001	0.2782251074328577
1.756	0.2790172135393486
1.7570000000000001	0.28020189954319774
1.758	0.28487751048028265
1.7590000000000001	0.29533586055004774
1.76	0.31241987494618506
1.7610000000000001	0.3352695015865451
1.762	0.36152644741449586
1.7630000000000001	0.3879283662922926
1.764	0.41115909078997964
1.7650000000000001	0.42871956575898973
1.766	0.43959286392182445
1.7670000000000001	0.4445169705271615
1.768	0.44579387986214997
1.7690000000000001	0.4466882215179934
1.77	0.45056589678074516
1.7710000000000001	0.460012851035682
1.772	0.47615139890880104
1.7730000000000001	0.4983425948985324
1.774	0.5243858301198495
1.7750000000000001	0.5510727290225786
1.776	0.5750489026499285
1.7770000000000001	0.5936830405661679
1.778	0.6057369599351119
1.7790000000000001	0.6116625699820498
1.78	0.6134508611477653
1.7810000000000001	0.6140804678029179
1.782	0.6167210551148119
1.7830000000000001	0.6239006264487676
1.784	0.6368649906028256
1.7850000000000001	0.6552886961216312
1.786	0.6774031075634217
1.7870000000000001	0.7004981664066351
1.788	0.7216557293479795
1.7890000000000001	0.7385071442319886
1.79	0.749825179340693
1.7910000000000001	0.755783570619488
1.792	0.7578490351294294
1.793	0.7583359049800297
1.794	0.75976475956217
1.795	0.7641935643683981
1.796	0.7727087721258555
1.797	0.7852021031886192
1.798	0.8004738983112772
1.799	0.8166200891373478
1.8	0.8315700630795032
1.801	0.8436378480941842
1.802	0.8519279140723082
1.803	0.8564992314190472
1.804	0.8582610609160297
1.805	0.8586488041970485
1.806	0.8591858048559855
1.807	0.8610677182061982
1.808	0.8648715179938049
1.809	0.8705143027068566
1.81	0.8773188679590255
1.811	0.8842787826436669
1.812	0.8904566907012234
1.813	0.8951751640788254
1.814	0.898223948002976
1.815	0.8997969777581925
1.816	0.9003765827871808
1.817	0.900503164943898
1.818	0.9005281808403084
1.819	0.9005241765122433
1.82	0.9002907714216565
1.821	0.8994266249063503
1.822	0.8975867445450815
1.823	0.89464779203242
1.824	0.8908199116471177
1.825	0.886641016390746
1.826	0.8828158873199909
1.827	0.8799646332607534
1.828	0.8783813868611452
1.829	0.8778484752076031
1.83	0.877624466006297
1.831	0.8765715487786739
1.832	0.873497495707684
1.833	0.8674818933620329
1.834	0.8582551266675855
1.835	0.8462980443047076
1.836	0.8328542515902205
1.837	0.8196261817773854
1.838	0.8083306107454973
1.839	0.8002230826000469
1.84	0.7956667485974628
1.841	0.7939880112244839
1.842	0.7935627403376435
1.843	0.7921963068616591
1.844	0.7877069305697785
1.845	0.7785270597453867
1.846	0.7641769255676573
1.847	0.7454647690803954
1.848	0.7243474477622676
1.849	0.7034519856107766
1.85	0.6854132675803833
1.851	0.6721456905080188
1.852	0.664310544892919
1.853	0.6610859997986155
1.854	0.6603291787149965
1.855	0.6591094886829951
1.856	0.6544697176221519
1.857	0.6442154226356793
1.858	0.6275321046074375
1.859	0.6052350201574743
1.86	0.579598443204128
1.861	0.5537891893239087
1.862	0.5310462028187027
1.863	0.5138289925615795
1.864	0.5031587293709954
1.865	0.4983289488292343
1.866	0.4970785115572376
1.867	0.4961733277670823
1.868	0.4922524016951358
1.869	0.4827147402537917
1.87	0.4664200956439592
1.871	0.4439795786398479
1.872	0.41760548392157554
1.873	0.3905359586246856
1.874	0.3661912140203356
1.875	0.34727202346172303
1.8760000000000001	0.3350606917169581
1.877	0.32910161412049677
1.8780000000000001	0.32734702894379025
1.879	0.3267190952563003
1.8800000000000001	0.3239129282686645
1.881	0.3162896269969301
1.8820000000000001	0.3025455501061232
1.883	0.28303153555949634
1.8840000000000001	0.2596293654592454
1.885	0.23522458624887135
1.8860000000000001	0.2129310840723475
1.887	0.1952747604889416
1.8880000000000001	0.183552498948377
1.889	0.17753686896031892
1.8900000000000001	0.1755919991392945
1.891	0.17515633634851965
1.8920000000000001	0.17345291222186732
1.893	0.16822890052525913
1.8940000000000001	0.15832729436351192
1.895	0.14394282142149847
1.8960000000000001	0.12650386890383658
1.897	0.10823624199100057
1.8980000000000001	0.09153256869310199
1.899	0.0783114117378665
1.9000000000000001	0.06953831935176001
1.901	0.06503459576967723
1.9020000000000001	0.06360063631985391
1.903	0.06341426764125975
1.9040000000000001	0.06257299186569659
1.905	0.059616750200223244
1.9060000000000001	0.053891864514220275
1.907	0.04566562456365083
1.9080000000000001	0.03597163939944313
1.909	0.026249335556582227
1.9100000000000001	0.017895475332260484
1.911	0.011868026776721809
1.9120000000000001	0.008450467264948965
1.913	0.007238493681983327
1.9140000000000001	0.007337064733486224
1.915	0.007693496254873108
1.9160000000000001	0.007453861610283155
1.917	0.006228344281782342
1.9180000000000001	0.004185547102903072
1.919	0.001951760121338302
1.92	0.00035666999293458774
1.921	0.00011520674427789047
1.922	0.0015548554511871386
1.923	0.004481855217707798
1.924	0.008233473306863666
1.925	0.011902570918908145
1.926	0.01466173401301478
1.927	0.0160799062343303
1.928	0.016322210734406
1.929	0.016158898207716328
1.93	0.01676819000334256
1.931	0.019382192229073184
1.932	0.024883937493367134
1.933	0.0334784209261399
1.934	0.04455219127876521
1.935	0.05677718784194013
1.936	0.06844592919874051
1.937	0.0779540053515716
1.938	0.08428729258853875
1.939	0.08737242879815191
1.94	0.0881793470259493
1.941	0.08851499271412058
1.942	0.09056435271996933
1.943	0.09629351208775193
1.944	0.1068668332594706
1.945	0.12227145889861048
1.946	0.14124062441242619
1.947	0.16153504701134266
1.948	0.18050965724703683
1.949	0.19582087051370345
1.95	0.206084326228091
1.951	0.2112959826213977
1.952	0.21288983220355323
1.953	0.21340259499341918
1.954	0.21582374478647479
1.955	0.2227972041910097
1.956	0.2358983624689638
1.957	0.25516275578562153
1.958	0.2790415074093438
1.959	0.3047615666147375
1.96	0.3290384506881767
1.961	0.3489395057632337
1.962	0.36266730452245793
1.963	0.37005412264474946
1.964	0.37263547379016543
1.965	0.3732546700219457
1.966	0.37533057324010044
1.967	0.38195362910811875
1.968	0.3950577747906798
1.969	0.41491595563344413
1.97	0.4400442331016145
1.971	0.4675704223326506
1.972	0.4940168971312752
1.973	0.5161781066744593
1.974	0.5319757472294097
1.975	0.5409834730498703
1.976	0.5445241736332842
1.977	0.5453221452067164
1.978	0.5467576845711065
1.979	0.5519723997123546
1.98	0.5630696186616241
1.981	0.5805617995988686
1.982	0.6032709026324933
1.983	0.6286617339165091
1.984	0.6535247046541599
1.985	0.6748268482849048
1.986	0.6904862085863186
1.987	0.6998829431952379
1.988	0.7039745626429844
1.989	0.7049914378490022
1.99	0.7058151563870187
1.991	0.7091969532157848
1.992	0.7170581509538121
1.993	0.7300218876669835
1.994	0.7473166846078209
1.995	0.767007782586293
1.996	0.786585946738508
1.997	0.8036501549334898
1.998	0.8164808024984693
1.999	0.824494188811897
2.	0.8282688727463532